WITNESS_POINTS, NUMBER=1830
6.750000,12.500000,0.052360
6.633022,12.821394,0.052360
6.336824,12.992404,0.052360
6.000000,12.933013,0.052360
5.780154,12.671010,0.052360
5.780154,12.328990,0.052360
6.000000,12.066987,0.052360
6.336824,12.007596,0.052360
6.633022,12.178606,0.052360
6.810000,11.750000,0.052360
6.810000,12.250000,0.052360
6.810000,12.750000,0.052360
6.810000,13.250000,0.052360
7.290000,11.750000,0.052360
7.290000,12.250000,0.052360
7.290000,12.750000,0.052360
7.290000,13.250000,0.052360
7.770000,11.750000,0.052360
7.770000,12.250000,0.052360
7.770000,12.750000,0.052360
7.770000,13.250000,0.052360
8.750000,11.750000,0.052360
8.750000,12.250000,0.052360
8.750000,12.750000,0.052360
8.750000,13.250000,0.052360
9.750000,11.750000,0.052360
9.750000,12.250000,0.052360
9.750000,12.750000,0.052360
9.750000,13.250000,0.052360
10.750000,11.750000,0.052360
10.750000,12.250000,0.052360
10.750000,12.750000,0.052360
10.750000,13.250000,0.052360
12.750000,11.750000,0.052360
12.750000,12.250000,0.052360
12.750000,12.750000,0.052360
12.750000,13.250000,0.052360
15.750000,11.750000,0.052360
15.750000,12.250000,0.052360
15.750000,12.750000,0.052360
15.750000,13.250000,0.052360
6.250000,12.500000,0.052360
6.750000,12.500000,0.052360
7.250000,12.500000,0.052360
7.750000,12.500000,0.052360
8.250000,12.500000,0.052360
8.750000,12.500000,0.052360
9.250000,12.500000,0.052360
9.750000,12.500000,0.052360
10.250000,12.500000,0.052360
10.750000,12.500000,0.052360
11.250000,12.500000,0.052360
11.750000,12.500000,0.052360
12.250000,12.500000,0.052360
12.750000,12.500000,0.052360
13.250000,12.500000,0.052360
13.750000,12.500000,0.052360
14.250000,12.500000,0.052360
14.750000,12.500000,0.052360
15.250000,12.500000,0.052360
15.750000,12.500000,0.052360
6.750000,12.500000,0.157080
6.633022,12.821394,0.157080
6.336824,12.992404,0.157080
6.000000,12.933013,0.157080
5.780154,12.671010,0.157080
5.780154,12.328990,0.157080
6.000000,12.066987,0.157080
6.336824,12.007596,0.157080
6.633022,12.178606,0.157080
6.810000,11.750000,0.157080
6.810000,12.250000,0.157080
6.810000,12.750000,0.157080
6.810000,13.250000,0.157080
7.290000,11.750000,0.157080
7.290000,12.250000,0.157080
7.290000,12.750000,0.157080
7.290000,13.250000,0.157080
7.770000,11.750000,0.157080
7.770000,12.250000,0.157080
7.770000,12.750000,0.157080
7.770000,13.250000,0.157080
8.750000,11.750000,0.157080
8.750000,12.250000,0.157080
8.750000,12.750000,0.157080
8.750000,13.250000,0.157080
9.750000,11.750000,0.157080
9.750000,12.250000,0.157080
9.750000,12.750000,0.157080
9.750000,13.250000,0.157080
10.750000,11.750000,0.157080
10.750000,12.250000,0.157080
10.750000,12.750000,0.157080
10.750000,13.250000,0.157080
12.750000,11.750000,0.157080
12.750000,12.250000,0.157080
12.750000,12.750000,0.157080
12.750000,13.250000,0.157080
15.750000,11.750000,0.157080
15.750000,12.250000,0.157080
15.750000,12.750000,0.157080
15.750000,13.250000,0.157080
6.250000,12.500000,0.157080
6.750000,12.500000,0.157080
7.250000,12.500000,0.157080
7.750000,12.500000,0.157080
8.250000,12.500000,0.157080
8.750000,12.500000,0.157080
9.250000,12.500000,0.157080
9.750000,12.500000,0.157080
10.250000,12.500000,0.157080
10.750000,12.500000,0.157080
11.250000,12.500000,0.157080
11.750000,12.500000,0.157080
12.250000,12.500000,0.157080
12.750000,12.500000,0.157080
13.250000,12.500000,0.157080
13.750000,12.500000,0.157080
14.250000,12.500000,0.157080
14.750000,12.500000,0.157080
15.250000,12.500000,0.157080
15.750000,12.500000,0.157080
6.750000,12.500000,0.261799
6.633022,12.821394,0.261799
6.336824,12.992404,0.261799
6.000000,12.933013,0.261799
5.780154,12.671010,0.261799
5.780154,12.328990,0.261799
6.000000,12.066987,0.261799
6.336824,12.007596,0.261799
6.633022,12.178606,0.261799
6.810000,11.750000,0.261799
6.810000,12.250000,0.261799
6.810000,12.750000,0.261799
6.810000,13.250000,0.261799
7.290000,11.750000,0.261799
7.290000,12.250000,0.261799
7.290000,12.750000,0.261799
7.290000,13.250000,0.261799
7.770000,11.750000,0.261799
7.770000,12.250000,0.261799
7.770000,12.750000,0.261799
7.770000,13.250000,0.261799
8.750000,11.750000,0.261799
8.750000,12.250000,0.261799
8.750000,12.750000,0.261799
8.750000,13.250000,0.261799
9.750000,11.750000,0.261799
9.750000,12.250000,0.261799
9.750000,12.750000,0.261799
9.750000,13.250000,0.261799
10.750000,11.750000,0.261799
10.750000,12.250000,0.261799
10.750000,12.750000,0.261799
10.750000,13.250000,0.261799
12.750000,11.750000,0.261799
12.750000,12.250000,0.261799
12.750000,12.750000,0.261799
12.750000,13.250000,0.261799
15.750000,11.750000,0.261799
15.750000,12.250000,0.261799
15.750000,12.750000,0.261799
15.750000,13.250000,0.261799
6.250000,12.500000,0.261799
6.750000,12.500000,0.261799
7.250000,12.500000,0.261799
7.750000,12.500000,0.261799
8.250000,12.500000,0.261799
8.750000,12.500000,0.261799
9.250000,12.500000,0.261799
9.750000,12.500000,0.261799
10.250000,12.500000,0.261799
10.750000,12.500000,0.261799
11.250000,12.500000,0.261799
11.750000,12.500000,0.261799
12.250000,12.500000,0.261799
12.750000,12.500000,0.261799
13.250000,12.500000,0.261799
13.750000,12.500000,0.261799
14.250000,12.500000,0.261799
14.750000,12.500000,0.261799
15.250000,12.500000,0.261799
15.750000,12.500000,0.261799
6.750000,12.500000,0.366519
6.633022,12.821394,0.366519
6.336824,12.992404,0.366519
6.000000,12.933013,0.366519
5.780154,12.671010,0.366519
5.780154,12.328990,0.366519
6.000000,12.066987,0.366519
6.336824,12.007596,0.366519
6.633022,12.178606,0.366519
6.810000,11.750000,0.366519
6.810000,12.250000,0.366519
6.810000,12.750000,0.366519
6.810000,13.250000,0.366519
7.290000,11.750000,0.366519
7.290000,12.250000,0.366519
7.290000,12.750000,0.366519
7.290000,13.250000,0.366519
7.770000,11.750000,0.366519
7.770000,12.250000,0.366519
7.770000,12.750000,0.366519
7.770000,13.250000,0.366519
8.750000,11.750000,0.366519
8.750000,12.250000,0.366519
8.750000,12.750000,0.366519
8.750000,13.250000,0.366519
9.750000,11.750000,0.366519
9.750000,12.250000,0.366519
9.750000,12.750000,0.366519
9.750000,13.250000,0.366519
10.750000,11.750000,0.366519
10.750000,12.250000,0.366519
10.750000,12.750000,0.366519
10.750000,13.250000,0.366519
12.750000,11.750000,0.366519
12.750000,12.250000,0.366519
12.750000,12.750000,0.366519
12.750000,13.250000,0.366519
15.750000,11.750000,0.366519
15.750000,12.250000,0.366519
15.750000,12.750000,0.366519
15.750000,13.250000,0.366519
6.250000,12.500000,0.366519
6.750000,12.500000,0.366519
7.250000,12.500000,0.366519
7.750000,12.500000,0.366519
8.250000,12.500000,0.366519
8.750000,12.500000,0.366519
9.250000,12.500000,0.366519
9.750000,12.500000,0.366519
10.250000,12.500000,0.366519
10.750000,12.500000,0.366519
11.250000,12.500000,0.366519
11.750000,12.500000,0.366519
12.250000,12.500000,0.366519
12.750000,12.500000,0.366519
13.250000,12.500000,0.366519
13.750000,12.500000,0.366519
14.250000,12.500000,0.366519
14.750000,12.500000,0.366519
15.250000,12.500000,0.366519
15.750000,12.500000,0.366519
6.750000,12.500000,0.471239
6.633022,12.821394,0.471239
6.336824,12.992404,0.471239
6.000000,12.933013,0.471239
5.780154,12.671010,0.471239
5.780154,12.328990,0.471239
6.000000,12.066987,0.471239
6.336824,12.007596,0.471239
6.633022,12.178606,0.471239
6.810000,11.750000,0.471239
6.810000,12.250000,0.471239
6.810000,12.750000,0.471239
6.810000,13.250000,0.471239
7.290000,11.750000,0.471239
7.290000,12.250000,0.471239
7.290000,12.750000,0.471239
7.290000,13.250000,0.471239
7.770000,11.750000,0.471239
7.770000,12.250000,0.471239
7.770000,12.750000,0.471239
7.770000,13.250000,0.471239
8.750000,11.750000,0.471239
8.750000,12.250000,0.471239
8.750000,12.750000,0.471239
8.750000,13.250000,0.471239
9.750000,11.750000,0.471239
9.750000,12.250000,0.471239
9.750000,12.750000,0.471239
9.750000,13.250000,0.471239
10.750000,11.750000,0.471239
10.750000,12.250000,0.471239
10.750000,12.750000,0.471239
10.750000,13.250000,0.471239
12.750000,11.750000,0.471239
12.750000,12.250000,0.471239
12.750000,12.750000,0.471239
12.750000,13.250000,0.471239
15.750000,11.750000,0.471239
15.750000,12.250000,0.471239
15.750000,12.750000,0.471239
15.750000,13.250000,0.471239
6.250000,12.500000,0.471239
6.750000,12.500000,0.471239
7.250000,12.500000,0.471239
7.750000,12.500000,0.471239
8.250000,12.500000,0.471239
8.750000,12.500000,0.471239
9.250000,12.500000,0.471239
9.750000,12.500000,0.471239
10.250000,12.500000,0.471239
10.750000,12.500000,0.471239
11.250000,12.500000,0.471239
11.750000,12.500000,0.471239
12.250000,12.500000,0.471239
12.750000,12.500000,0.471239
13.250000,12.500000,0.471239
13.750000,12.500000,0.471239
14.250000,12.500000,0.471239
14.750000,12.500000,0.471239
15.250000,12.500000,0.471239
15.750000,12.500000,0.471239
6.750000,12.500000,0.575959
6.633022,12.821394,0.575959
6.336824,12.992404,0.575959
6.000000,12.933013,0.575959
5.780154,12.671010,0.575959
5.780154,12.328990,0.575959
6.000000,12.066987,0.575959
6.336824,12.007596,0.575959
6.633022,12.178606,0.575959
6.810000,11.750000,0.575959
6.810000,12.250000,0.575959
6.810000,12.750000,0.575959
6.810000,13.250000,0.575959
7.290000,11.750000,0.575959
7.290000,12.250000,0.575959
7.290000,12.750000,0.575959
7.290000,13.250000,0.575959
7.770000,11.750000,0.575959
7.770000,12.250000,0.575959
7.770000,12.750000,0.575959
7.770000,13.250000,0.575959
8.750000,11.750000,0.575959
8.750000,12.250000,0.575959
8.750000,12.750000,0.575959
8.750000,13.250000,0.575959
9.750000,11.750000,0.575959
9.750000,12.250000,0.575959
9.750000,12.750000,0.575959
9.750000,13.250000,0.575959
10.750000,11.750000,0.575959
10.750000,12.250000,0.575959
10.750000,12.750000,0.575959
10.750000,13.250000,0.575959
12.750000,11.750000,0.575959
12.750000,12.250000,0.575959
12.750000,12.750000,0.575959
12.750000,13.250000,0.575959
15.750000,11.750000,0.575959
15.750000,12.250000,0.575959
15.750000,12.750000,0.575959
15.750000,13.250000,0.575959
6.250000,12.500000,0.575959
6.750000,12.500000,0.575959
7.250000,12.500000,0.575959
7.750000,12.500000,0.575959
8.250000,12.500000,0.575959
8.750000,12.500000,0.575959
9.250000,12.500000,0.575959
9.750000,12.500000,0.575959
10.250000,12.500000,0.575959
10.750000,12.500000,0.575959
11.250000,12.500000,0.575959
11.750000,12.500000,0.575959
12.250000,12.500000,0.575959
12.750000,12.500000,0.575959
13.250000,12.500000,0.575959
13.750000,12.500000,0.575959
14.250000,12.500000,0.575959
14.750000,12.500000,0.575959
15.250000,12.500000,0.575959
15.750000,12.500000,0.575959
6.750000,12.500000,0.680678
6.633022,12.821394,0.680678
6.336824,12.992404,0.680678
6.000000,12.933013,0.680678
5.780154,12.671010,0.680678
5.780154,12.328990,0.680678
6.000000,12.066987,0.680678
6.336824,12.007596,0.680678
6.633022,12.178606,0.680678
6.810000,11.750000,0.680678
6.810000,12.250000,0.680678
6.810000,12.750000,0.680678
6.810000,13.250000,0.680678
7.290000,11.750000,0.680678
7.290000,12.250000,0.680678
7.290000,12.750000,0.680678
7.290000,13.250000,0.680678
7.770000,11.750000,0.680678
7.770000,12.250000,0.680678
7.770000,12.750000,0.680678
7.770000,13.250000,0.680678
8.750000,11.750000,0.680678
8.750000,12.250000,0.680678
8.750000,12.750000,0.680678
8.750000,13.250000,0.680678
9.750000,11.750000,0.680678
9.750000,12.250000,0.680678
9.750000,12.750000,0.680678
9.750000,13.250000,0.680678
10.750000,11.750000,0.680678
10.750000,12.250000,0.680678
10.750000,12.750000,0.680678
10.750000,13.250000,0.680678
12.750000,11.750000,0.680678
12.750000,12.250000,0.680678
12.750000,12.750000,0.680678
12.750000,13.250000,0.680678
15.750000,11.750000,0.680678
15.750000,12.250000,0.680678
15.750000,12.750000,0.680678
15.750000,13.250000,0.680678
6.250000,12.500000,0.680678
6.750000,12.500000,0.680678
7.250000,12.500000,0.680678
7.750000,12.500000,0.680678
8.250000,12.500000,0.680678
8.750000,12.500000,0.680678
9.250000,12.500000,0.680678
9.750000,12.500000,0.680678
10.250000,12.500000,0.680678
10.750000,12.500000,0.680678
11.250000,12.500000,0.680678
11.750000,12.500000,0.680678
12.250000,12.500000,0.680678
12.750000,12.500000,0.680678
13.250000,12.500000,0.680678
13.750000,12.500000,0.680678
14.250000,12.500000,0.680678
14.750000,12.500000,0.680678
15.250000,12.500000,0.680678
15.750000,12.500000,0.680678
6.750000,12.500000,0.785398
6.633022,12.821394,0.785398
6.336824,12.992404,0.785398
6.000000,12.933013,0.785398
5.780154,12.671010,0.785398
5.780154,12.328990,0.785398
6.000000,12.066987,0.785398
6.336824,12.007596,0.785398
6.633022,12.178606,0.785398
6.810000,11.750000,0.785398
6.810000,12.250000,0.785398
6.810000,12.750000,0.785398
6.810000,13.250000,0.785398
7.290000,11.750000,0.785398
7.290000,12.250000,0.785398
7.290000,12.750000,0.785398
7.290000,13.250000,0.785398
7.770000,11.750000,0.785398
7.770000,12.250000,0.785398
7.770000,12.750000,0.785398
7.770000,13.250000,0.785398
8.750000,11.750000,0.785398
8.750000,12.250000,0.785398
8.750000,12.750000,0.785398
8.750000,13.250000,0.785398
9.750000,11.750000,0.785398
9.750000,12.250000,0.785398
9.750000,12.750000,0.785398
9.750000,13.250000,0.785398
10.750000,11.750000,0.785398
10.750000,12.250000,0.785398
10.750000,12.750000,0.785398
10.750000,13.250000,0.785398
12.750000,11.750000,0.785398
12.750000,12.250000,0.785398
12.750000,12.750000,0.785398
12.750000,13.250000,0.785398
15.750000,11.750000,0.785398
15.750000,12.250000,0.785398
15.750000,12.750000,0.785398
15.750000,13.250000,0.785398
6.250000,12.500000,0.785398
6.750000,12.500000,0.785398
7.250000,12.500000,0.785398
7.750000,12.500000,0.785398
8.250000,12.500000,0.785398
8.750000,12.500000,0.785398
9.250000,12.500000,0.785398
9.750000,12.500000,0.785398
10.250000,12.500000,0.785398
10.750000,12.500000,0.785398
11.250000,12.500000,0.785398
11.750000,12.500000,0.785398
12.250000,12.500000,0.785398
12.750000,12.500000,0.785398
13.250000,12.500000,0.785398
13.750000,12.500000,0.785398
14.250000,12.500000,0.785398
14.750000,12.500000,0.785398
15.250000,12.500000,0.785398
15.750000,12.500000,0.785398
6.750000,12.500000,0.890118
6.633022,12.821394,0.890118
6.336824,12.992404,0.890118
6.000000,12.933013,0.890118
5.780154,12.671010,0.890118
5.780154,12.328990,0.890118
6.000000,12.066987,0.890118
6.336824,12.007596,0.890118
6.633022,12.178606,0.890118
6.810000,11.750000,0.890118
6.810000,12.250000,0.890118
6.810000,12.750000,0.890118
6.810000,13.250000,0.890118
7.290000,11.750000,0.890118
7.290000,12.250000,0.890118
7.290000,12.750000,0.890118
7.290000,13.250000,0.890118
7.770000,11.750000,0.890118
7.770000,12.250000,0.890118
7.770000,12.750000,0.890118
7.770000,13.250000,0.890118
8.750000,11.750000,0.890118
8.750000,12.250000,0.890118
8.750000,12.750000,0.890118
8.750000,13.250000,0.890118
9.750000,11.750000,0.890118
9.750000,12.250000,0.890118
9.750000,12.750000,0.890118
9.750000,13.250000,0.890118
10.750000,11.750000,0.890118
10.750000,12.250000,0.890118
10.750000,12.750000,0.890118
10.750000,13.250000,0.890118
12.750000,11.750000,0.890118
12.750000,12.250000,0.890118
12.750000,12.750000,0.890118
12.750000,13.250000,0.890118
15.750000,11.750000,0.890118
15.750000,12.250000,0.890118
15.750000,12.750000,0.890118
15.750000,13.250000,0.890118
6.250000,12.500000,0.890118
6.750000,12.500000,0.890118
7.250000,12.500000,0.890118
7.750000,12.500000,0.890118
8.250000,12.500000,0.890118
8.750000,12.500000,0.890118
9.250000,12.500000,0.890118
9.750000,12.500000,0.890118
10.250000,12.500000,0.890118
10.750000,12.500000,0.890118
11.250000,12.500000,0.890118
11.750000,12.500000,0.890118
12.250000,12.500000,0.890118
12.750000,12.500000,0.890118
13.250000,12.500000,0.890118
13.750000,12.500000,0.890118
14.250000,12.500000,0.890118
14.750000,12.500000,0.890118
15.250000,12.500000,0.890118
15.750000,12.500000,0.890118
6.750000,12.500000,0.994838
6.633022,12.821394,0.994838
6.336824,12.992404,0.994838
6.000000,12.933013,0.994838
5.780154,12.671010,0.994838
5.780154,12.328990,0.994838
6.000000,12.066987,0.994838
6.336824,12.007596,0.994838
6.633022,12.178606,0.994838
6.810000,11.750000,0.994838
6.810000,12.250000,0.994838
6.810000,12.750000,0.994838
6.810000,13.250000,0.994838
7.290000,11.750000,0.994838
7.290000,12.250000,0.994838
7.290000,12.750000,0.994838
7.290000,13.250000,0.994838
7.770000,11.750000,0.994838
7.770000,12.250000,0.994838
7.770000,12.750000,0.994838
7.770000,13.250000,0.994838
8.750000,11.750000,0.994838
8.750000,12.250000,0.994838
8.750000,12.750000,0.994838
8.750000,13.250000,0.994838
9.750000,11.750000,0.994838
9.750000,12.250000,0.994838
9.750000,12.750000,0.994838
9.750000,13.250000,0.994838
10.750000,11.750000,0.994838
10.750000,12.250000,0.994838
10.750000,12.750000,0.994838
10.750000,13.250000,0.994838
12.750000,11.750000,0.994838
12.750000,12.250000,0.994838
12.750000,12.750000,0.994838
12.750000,13.250000,0.994838
15.750000,11.750000,0.994838
15.750000,12.250000,0.994838
15.750000,12.750000,0.994838
15.750000,13.250000,0.994838
6.250000,12.500000,0.994838
6.750000,12.500000,0.994838
7.250000,12.500000,0.994838
7.750000,12.500000,0.994838
8.250000,12.500000,0.994838
8.750000,12.500000,0.994838
9.250000,12.500000,0.994838
9.750000,12.500000,0.994838
10.250000,12.500000,0.994838
10.750000,12.500000,0.994838
11.250000,12.500000,0.994838
11.750000,12.500000,0.994838
12.250000,12.500000,0.994838
12.750000,12.500000,0.994838
13.250000,12.500000,0.994838
13.750000,12.500000,0.994838
14.250000,12.500000,0.994838
14.750000,12.500000,0.994838
15.250000,12.500000,0.994838
15.750000,12.500000,0.994838
6.750000,12.500000,1.099557
6.633022,12.821394,1.099557
6.336824,12.992404,1.099557
6.000000,12.933013,1.099557
5.780154,12.671010,1.099557
5.780154,12.328990,1.099557
6.000000,12.066987,1.099557
6.336824,12.007596,1.099557
6.633022,12.178606,1.099557
6.810000,11.750000,1.099557
6.810000,12.250000,1.099557
6.810000,12.750000,1.099557
6.810000,13.250000,1.099557
7.290000,11.750000,1.099557
7.290000,12.250000,1.099557
7.290000,12.750000,1.099557
7.290000,13.250000,1.099557
7.770000,11.750000,1.099557
7.770000,12.250000,1.099557
7.770000,12.750000,1.099557
7.770000,13.250000,1.099557
8.750000,11.750000,1.099557
8.750000,12.250000,1.099557
8.750000,12.750000,1.099557
8.750000,13.250000,1.099557
9.750000,11.750000,1.099557
9.750000,12.250000,1.099557
9.750000,12.750000,1.099557
9.750000,13.250000,1.099557
10.750000,11.750000,1.099557
10.750000,12.250000,1.099557
10.750000,12.750000,1.099557
10.750000,13.250000,1.099557
12.750000,11.750000,1.099557
12.750000,12.250000,1.099557
12.750000,12.750000,1.099557
12.750000,13.250000,1.099557
15.750000,11.750000,1.099557
15.750000,12.250000,1.099557
15.750000,12.750000,1.099557
15.750000,13.250000,1.099557
6.250000,12.500000,1.099557
6.750000,12.500000,1.099557
7.250000,12.500000,1.099557
7.750000,12.500000,1.099557
8.250000,12.500000,1.099557
8.750000,12.500000,1.099557
9.250000,12.500000,1.099557
9.750000,12.500000,1.099557
10.250000,12.500000,1.099557
10.750000,12.500000,1.099557
11.250000,12.500000,1.099557
11.750000,12.500000,1.099557
12.250000,12.500000,1.099557
12.750000,12.500000,1.099557
13.250000,12.500000,1.099557
13.750000,12.500000,1.099557
14.250000,12.500000,1.099557
14.750000,12.500000,1.099557
15.250000,12.500000,1.099557
15.750000,12.500000,1.099557
6.750000,12.500000,1.204277
6.633022,12.821394,1.204277
6.336824,12.992404,1.204277
6.000000,12.933013,1.204277
5.780154,12.671010,1.204277
5.780154,12.328990,1.204277
6.000000,12.066987,1.204277
6.336824,12.007596,1.204277
6.633022,12.178606,1.204277
6.810000,11.750000,1.204277
6.810000,12.250000,1.204277
6.810000,12.750000,1.204277
6.810000,13.250000,1.204277
7.290000,11.750000,1.204277
7.290000,12.250000,1.204277
7.290000,12.750000,1.204277
7.290000,13.250000,1.204277
7.770000,11.750000,1.204277
7.770000,12.250000,1.204277
7.770000,12.750000,1.204277
7.770000,13.250000,1.204277
8.750000,11.750000,1.204277
8.750000,12.250000,1.204277
8.750000,12.750000,1.204277
8.750000,13.250000,1.204277
9.750000,11.750000,1.204277
9.750000,12.250000,1.204277
9.750000,12.750000,1.204277
9.750000,13.250000,1.204277
10.750000,11.750000,1.204277
10.750000,12.250000,1.204277
10.750000,12.750000,1.204277
10.750000,13.250000,1.204277
12.750000,11.750000,1.204277
12.750000,12.250000,1.204277
12.750000,12.750000,1.204277
12.750000,13.250000,1.204277
15.750000,11.750000,1.204277
15.750000,12.250000,1.204277
15.750000,12.750000,1.204277
15.750000,13.250000,1.204277
6.250000,12.500000,1.204277
6.750000,12.500000,1.204277
7.250000,12.500000,1.204277
7.750000,12.500000,1.204277
8.250000,12.500000,1.204277
8.750000,12.500000,1.204277
9.250000,12.500000,1.204277
9.750000,12.500000,1.204277
10.250000,12.500000,1.204277
10.750000,12.500000,1.204277
11.250000,12.500000,1.204277
11.750000,12.500000,1.204277
12.250000,12.500000,1.204277
12.750000,12.500000,1.204277
13.250000,12.500000,1.204277
13.750000,12.500000,1.204277
14.250000,12.500000,1.204277
14.750000,12.500000,1.204277
15.250000,12.500000,1.204277
15.750000,12.500000,1.204277
6.750000,12.500000,1.308997
6.633022,12.821394,1.308997
6.336824,12.992404,1.308997
6.000000,12.933013,1.308997
5.780154,12.671010,1.308997
5.780154,12.328990,1.308997
6.000000,12.066987,1.308997
6.336824,12.007596,1.308997
6.633022,12.178606,1.308997
6.810000,11.750000,1.308997
6.810000,12.250000,1.308997
6.810000,12.750000,1.308997
6.810000,13.250000,1.308997
7.290000,11.750000,1.308997
7.290000,12.250000,1.308997
7.290000,12.750000,1.308997
7.290000,13.250000,1.308997
7.770000,11.750000,1.308997
7.770000,12.250000,1.308997
7.770000,12.750000,1.308997
7.770000,13.250000,1.308997
8.750000,11.750000,1.308997
8.750000,12.250000,1.308997
8.750000,12.750000,1.308997
8.750000,13.250000,1.308997
9.750000,11.750000,1.308997
9.750000,12.250000,1.308997
9.750000,12.750000,1.308997
9.750000,13.250000,1.308997
10.750000,11.750000,1.308997
10.750000,12.250000,1.308997
10.750000,12.750000,1.308997
10.750000,13.250000,1.308997
12.750000,11.750000,1.308997
12.750000,12.250000,1.308997
12.750000,12.750000,1.308997
12.750000,13.250000,1.308997
15.750000,11.750000,1.308997
15.750000,12.250000,1.308997
15.750000,12.750000,1.308997
15.750000,13.250000,1.308997
6.250000,12.500000,1.308997
6.750000,12.500000,1.308997
7.250000,12.500000,1.308997
7.750000,12.500000,1.308997
8.250000,12.500000,1.308997
8.750000,12.500000,1.308997
9.250000,12.500000,1.308997
9.750000,12.500000,1.308997
10.250000,12.500000,1.308997
10.750000,12.500000,1.308997
11.250000,12.500000,1.308997
11.750000,12.500000,1.308997
12.250000,12.500000,1.308997
12.750000,12.500000,1.308997
13.250000,12.500000,1.308997
13.750000,12.500000,1.308997
14.250000,12.500000,1.308997
14.750000,12.500000,1.308997
15.250000,12.500000,1.308997
15.750000,12.500000,1.308997
6.750000,12.500000,1.413717
6.633022,12.821394,1.413717
6.336824,12.992404,1.413717
6.000000,12.933013,1.413717
5.780154,12.671010,1.413717
5.780154,12.328990,1.413717
6.000000,12.066987,1.413717
6.336824,12.007596,1.413717
6.633022,12.178606,1.413717
6.810000,11.750000,1.413717
6.810000,12.250000,1.413717
6.810000,12.750000,1.413717
6.810000,13.250000,1.413717
7.290000,11.750000,1.413717
7.290000,12.250000,1.413717
7.290000,12.750000,1.413717
7.290000,13.250000,1.413717
7.770000,11.750000,1.413717
7.770000,12.250000,1.413717
7.770000,12.750000,1.413717
7.770000,13.250000,1.413717
8.750000,11.750000,1.413717
8.750000,12.250000,1.413717
8.750000,12.750000,1.413717
8.750000,13.250000,1.413717
9.750000,11.750000,1.413717
9.750000,12.250000,1.413717
9.750000,12.750000,1.413717
9.750000,13.250000,1.413717
10.750000,11.750000,1.413717
10.750000,12.250000,1.413717
10.750000,12.750000,1.413717
10.750000,13.250000,1.413717
12.750000,11.750000,1.413717
12.750000,12.250000,1.413717
12.750000,12.750000,1.413717
12.750000,13.250000,1.413717
15.750000,11.750000,1.413717
15.750000,12.250000,1.413717
15.750000,12.750000,1.413717
15.750000,13.250000,1.413717
6.250000,12.500000,1.413717
6.750000,12.500000,1.413717
7.250000,12.500000,1.413717
7.750000,12.500000,1.413717
8.250000,12.500000,1.413717
8.750000,12.500000,1.413717
9.250000,12.500000,1.413717
9.750000,12.500000,1.413717
10.250000,12.500000,1.413717
10.750000,12.500000,1.413717
11.250000,12.500000,1.413717
11.750000,12.500000,1.413717
12.250000,12.500000,1.413717
12.750000,12.500000,1.413717
13.250000,12.500000,1.413717
13.750000,12.500000,1.413717
14.250000,12.500000,1.413717
14.750000,12.500000,1.413717
15.250000,12.500000,1.413717
15.750000,12.500000,1.413717
6.750000,12.500000,1.518436
6.633022,12.821394,1.518436
6.336824,12.992404,1.518436
6.000000,12.933013,1.518436
5.780154,12.671010,1.518436
5.780154,12.328990,1.518436
6.000000,12.066987,1.518436
6.336824,12.007596,1.518436
6.633022,12.178606,1.518436
6.810000,11.750000,1.518436
6.810000,12.250000,1.518436
6.810000,12.750000,1.518436
6.810000,13.250000,1.518436
7.290000,11.750000,1.518436
7.290000,12.250000,1.518436
7.290000,12.750000,1.518436
7.290000,13.250000,1.518436
7.770000,11.750000,1.518436
7.770000,12.250000,1.518436
7.770000,12.750000,1.518436
7.770000,13.250000,1.518436
8.750000,11.750000,1.518436
8.750000,12.250000,1.518436
8.750000,12.750000,1.518436
8.750000,13.250000,1.518436
9.750000,11.750000,1.518436
9.750000,12.250000,1.518436
9.750000,12.750000,1.518436
9.750000,13.250000,1.518436
10.750000,11.750000,1.518436
10.750000,12.250000,1.518436
10.750000,12.750000,1.518436
10.750000,13.250000,1.518436
12.750000,11.750000,1.518436
12.750000,12.250000,1.518436
12.750000,12.750000,1.518436
12.750000,13.250000,1.518436
15.750000,11.750000,1.518436
15.750000,12.250000,1.518436
15.750000,12.750000,1.518436
15.750000,13.250000,1.518436
6.250000,12.500000,1.518436
6.750000,12.500000,1.518436
7.250000,12.500000,1.518436
7.750000,12.500000,1.518436
8.250000,12.500000,1.518436
8.750000,12.500000,1.518436
9.250000,12.500000,1.518436
9.750000,12.500000,1.518436
10.250000,12.500000,1.518436
10.750000,12.500000,1.518436
11.250000,12.500000,1.518436
11.750000,12.500000,1.518436
12.250000,12.500000,1.518436
12.750000,12.500000,1.518436
13.250000,12.500000,1.518436
13.750000,12.500000,1.518436
14.250000,12.500000,1.518436
14.750000,12.500000,1.518436
15.250000,12.500000,1.518436
15.750000,12.500000,1.518436
6.750000,12.500000,1.623156
6.633022,12.821394,1.623156
6.336824,12.992404,1.623156
6.000000,12.933013,1.623156
5.780154,12.671010,1.623156
5.780154,12.328990,1.623156
6.000000,12.066987,1.623156
6.336824,12.007596,1.623156
6.633022,12.178606,1.623156
6.810000,11.750000,1.623156
6.810000,12.250000,1.623156
6.810000,12.750000,1.623156
6.810000,13.250000,1.623156
7.290000,11.750000,1.623156
7.290000,12.250000,1.623156
7.290000,12.750000,1.623156
7.290000,13.250000,1.623156
7.770000,11.750000,1.623156
7.770000,12.250000,1.623156
7.770000,12.750000,1.623156
7.770000,13.250000,1.623156
8.750000,11.750000,1.623156
8.750000,12.250000,1.623156
8.750000,12.750000,1.623156
8.750000,13.250000,1.623156
9.750000,11.750000,1.623156
9.750000,12.250000,1.623156
9.750000,12.750000,1.623156
9.750000,13.250000,1.623156
10.750000,11.750000,1.623156
10.750000,12.250000,1.623156
10.750000,12.750000,1.623156
10.750000,13.250000,1.623156
12.750000,11.750000,1.623156
12.750000,12.250000,1.623156
12.750000,12.750000,1.623156
12.750000,13.250000,1.623156
15.750000,11.750000,1.623156
15.750000,12.250000,1.623156
15.750000,12.750000,1.623156
15.750000,13.250000,1.623156
6.250000,12.500000,1.623156
6.750000,12.500000,1.623156
7.250000,12.500000,1.623156
7.750000,12.500000,1.623156
8.250000,12.500000,1.623156
8.750000,12.500000,1.623156
9.250000,12.500000,1.623156
9.750000,12.500000,1.623156
10.250000,12.500000,1.623156
10.750000,12.500000,1.623156
11.250000,12.500000,1.623156
11.750000,12.500000,1.623156
12.250000,12.500000,1.623156
12.750000,12.500000,1.623156
13.250000,12.500000,1.623156
13.750000,12.500000,1.623156
14.250000,12.500000,1.623156
14.750000,12.500000,1.623156
15.250000,12.500000,1.623156
15.750000,12.500000,1.623156
6.750000,12.500000,1.727876
6.633022,12.821394,1.727876
6.336824,12.992404,1.727876
6.000000,12.933013,1.727876
5.780154,12.671010,1.727876
5.780154,12.328990,1.727876
6.000000,12.066987,1.727876
6.336824,12.007596,1.727876
6.633022,12.178606,1.727876
6.810000,11.750000,1.727876
6.810000,12.250000,1.727876
6.810000,12.750000,1.727876
6.810000,13.250000,1.727876
7.290000,11.750000,1.727876
7.290000,12.250000,1.727876
7.290000,12.750000,1.727876
7.290000,13.250000,1.727876
7.770000,11.750000,1.727876
7.770000,12.250000,1.727876
7.770000,12.750000,1.727876
7.770000,13.250000,1.727876
8.750000,11.750000,1.727876
8.750000,12.250000,1.727876
8.750000,12.750000,1.727876
8.750000,13.250000,1.727876
9.750000,11.750000,1.727876
9.750000,12.250000,1.727876
9.750000,12.750000,1.727876
9.750000,13.250000,1.727876
10.750000,11.750000,1.727876
10.750000,12.250000,1.727876
10.750000,12.750000,1.727876
10.750000,13.250000,1.727876
12.750000,11.750000,1.727876
12.750000,12.250000,1.727876
12.750000,12.750000,1.727876
12.750000,13.250000,1.727876
15.750000,11.750000,1.727876
15.750000,12.250000,1.727876
15.750000,12.750000,1.727876
15.750000,13.250000,1.727876
6.250000,12.500000,1.727876
6.750000,12.500000,1.727876
7.250000,12.500000,1.727876
7.750000,12.500000,1.727876
8.250000,12.500000,1.727876
8.750000,12.500000,1.727876
9.250000,12.500000,1.727876
9.750000,12.500000,1.727876
10.250000,12.500000,1.727876
10.750000,12.500000,1.727876
11.250000,12.500000,1.727876
11.750000,12.500000,1.727876
12.250000,12.500000,1.727876
12.750000,12.500000,1.727876
13.250000,12.500000,1.727876
13.750000,12.500000,1.727876
14.250000,12.500000,1.727876
14.750000,12.500000,1.727876
15.250000,12.500000,1.727876
15.750000,12.500000,1.727876
6.750000,12.500000,1.832596
6.633022,12.821394,1.832596
6.336824,12.992404,1.832596
6.000000,12.933013,1.832596
5.780154,12.671010,1.832596
5.780154,12.328990,1.832596
6.000000,12.066987,1.832596
6.336824,12.007596,1.832596
6.633022,12.178606,1.832596
6.810000,11.750000,1.832596
6.810000,12.250000,1.832596
6.810000,12.750000,1.832596
6.810000,13.250000,1.832596
7.290000,11.750000,1.832596
7.290000,12.250000,1.832596
7.290000,12.750000,1.832596
7.290000,13.250000,1.832596
7.770000,11.750000,1.832596
7.770000,12.250000,1.832596
7.770000,12.750000,1.832596
7.770000,13.250000,1.832596
8.750000,11.750000,1.832596
8.750000,12.250000,1.832596
8.750000,12.750000,1.832596
8.750000,13.250000,1.832596
9.750000,11.750000,1.832596
9.750000,12.250000,1.832596
9.750000,12.750000,1.832596
9.750000,13.250000,1.832596
10.750000,11.750000,1.832596
10.750000,12.250000,1.832596
10.750000,12.750000,1.832596
10.750000,13.250000,1.832596
12.750000,11.750000,1.832596
12.750000,12.250000,1.832596
12.750000,12.750000,1.832596
12.750000,13.250000,1.832596
15.750000,11.750000,1.832596
15.750000,12.250000,1.832596
15.750000,12.750000,1.832596
15.750000,13.250000,1.832596
6.250000,12.500000,1.832596
6.750000,12.500000,1.832596
7.250000,12.500000,1.832596
7.750000,12.500000,1.832596
8.250000,12.500000,1.832596
8.750000,12.500000,1.832596
9.250000,12.500000,1.832596
9.750000,12.500000,1.832596
10.250000,12.500000,1.832596
10.750000,12.500000,1.832596
11.250000,12.500000,1.832596
11.750000,12.500000,1.832596
12.250000,12.500000,1.832596
12.750000,12.500000,1.832596
13.250000,12.500000,1.832596
13.750000,12.500000,1.832596
14.250000,12.500000,1.832596
14.750000,12.500000,1.832596
15.250000,12.500000,1.832596
15.750000,12.500000,1.832596
6.750000,12.500000,1.937315
6.633022,12.821394,1.937315
6.336824,12.992404,1.937315
6.000000,12.933013,1.937315
5.780154,12.671010,1.937315
5.780154,12.328990,1.937315
6.000000,12.066987,1.937315
6.336824,12.007596,1.937315
6.633022,12.178606,1.937315
6.810000,11.750000,1.937315
6.810000,12.250000,1.937315
6.810000,12.750000,1.937315
6.810000,13.250000,1.937315
7.290000,11.750000,1.937315
7.290000,12.250000,1.937315
7.290000,12.750000,1.937315
7.290000,13.250000,1.937315
7.770000,11.750000,1.937315
7.770000,12.250000,1.937315
7.770000,12.750000,1.937315
7.770000,13.250000,1.937315
8.750000,11.750000,1.937315
8.750000,12.250000,1.937315
8.750000,12.750000,1.937315
8.750000,13.250000,1.937315
9.750000,11.750000,1.937315
9.750000,12.250000,1.937315
9.750000,12.750000,1.937315
9.750000,13.250000,1.937315
10.750000,11.750000,1.937315
10.750000,12.250000,1.937315
10.750000,12.750000,1.937315
10.750000,13.250000,1.937315
12.750000,11.750000,1.937315
12.750000,12.250000,1.937315
12.750000,12.750000,1.937315
12.750000,13.250000,1.937315
15.750000,11.750000,1.937315
15.750000,12.250000,1.937315
15.750000,12.750000,1.937315
15.750000,13.250000,1.937315
6.250000,12.500000,1.937315
6.750000,12.500000,1.937315
7.250000,12.500000,1.937315
7.750000,12.500000,1.937315
8.250000,12.500000,1.937315
8.750000,12.500000,1.937315
9.250000,12.500000,1.937315
9.750000,12.500000,1.937315
10.250000,12.500000,1.937315
10.750000,12.500000,1.937315
11.250000,12.500000,1.937315
11.750000,12.500000,1.937315
12.250000,12.500000,1.937315
12.750000,12.500000,1.937315
13.250000,12.500000,1.937315
13.750000,12.500000,1.937315
14.250000,12.500000,1.937315
14.750000,12.500000,1.937315
15.250000,12.500000,1.937315
15.750000,12.500000,1.937315
6.750000,12.500000,2.042035
6.633022,12.821394,2.042035
6.336824,12.992404,2.042035
6.000000,12.933013,2.042035
5.780154,12.671010,2.042035
5.780154,12.328990,2.042035
6.000000,12.066987,2.042035
6.336824,12.007596,2.042035
6.633022,12.178606,2.042035
6.810000,11.750000,2.042035
6.810000,12.250000,2.042035
6.810000,12.750000,2.042035
6.810000,13.250000,2.042035
7.290000,11.750000,2.042035
7.290000,12.250000,2.042035
7.290000,12.750000,2.042035
7.290000,13.250000,2.042035
7.770000,11.750000,2.042035
7.770000,12.250000,2.042035
7.770000,12.750000,2.042035
7.770000,13.250000,2.042035
8.750000,11.750000,2.042035
8.750000,12.250000,2.042035
8.750000,12.750000,2.042035
8.750000,13.250000,2.042035
9.750000,11.750000,2.042035
9.750000,12.250000,2.042035
9.750000,12.750000,2.042035
9.750000,13.250000,2.042035
10.750000,11.750000,2.042035
10.750000,12.250000,2.042035
10.750000,12.750000,2.042035
10.750000,13.250000,2.042035
12.750000,11.750000,2.042035
12.750000,12.250000,2.042035
12.750000,12.750000,2.042035
12.750000,13.250000,2.042035
15.750000,11.750000,2.042035
15.750000,12.250000,2.042035
15.750000,12.750000,2.042035
15.750000,13.250000,2.042035
6.250000,12.500000,2.042035
6.750000,12.500000,2.042035
7.250000,12.500000,2.042035
7.750000,12.500000,2.042035
8.250000,12.500000,2.042035
8.750000,12.500000,2.042035
9.250000,12.500000,2.042035
9.750000,12.500000,2.042035
10.250000,12.500000,2.042035
10.750000,12.500000,2.042035
11.250000,12.500000,2.042035
11.750000,12.500000,2.042035
12.250000,12.500000,2.042035
12.750000,12.500000,2.042035
13.250000,12.500000,2.042035
13.750000,12.500000,2.042035
14.250000,12.500000,2.042035
14.750000,12.500000,2.042035
15.250000,12.500000,2.042035
15.750000,12.500000,2.042035
6.750000,12.500000,2.146755
6.633022,12.821394,2.146755
6.336824,12.992404,2.146755
6.000000,12.933013,2.146755
5.780154,12.671010,2.146755
5.780154,12.328990,2.146755
6.000000,12.066987,2.146755
6.336824,12.007596,2.146755
6.633022,12.178606,2.146755
6.810000,11.750000,2.146755
6.810000,12.250000,2.146755
6.810000,12.750000,2.146755
6.810000,13.250000,2.146755
7.290000,11.750000,2.146755
7.290000,12.250000,2.146755
7.290000,12.750000,2.146755
7.290000,13.250000,2.146755
7.770000,11.750000,2.146755
7.770000,12.250000,2.146755
7.770000,12.750000,2.146755
7.770000,13.250000,2.146755
8.750000,11.750000,2.146755
8.750000,12.250000,2.146755
8.750000,12.750000,2.146755
8.750000,13.250000,2.146755
9.750000,11.750000,2.146755
9.750000,12.250000,2.146755
9.750000,12.750000,2.146755
9.750000,13.250000,2.146755
10.750000,11.750000,2.146755
10.750000,12.250000,2.146755
10.750000,12.750000,2.146755
10.750000,13.250000,2.146755
12.750000,11.750000,2.146755
12.750000,12.250000,2.146755
12.750000,12.750000,2.146755
12.750000,13.250000,2.146755
15.750000,11.750000,2.146755
15.750000,12.250000,2.146755
15.750000,12.750000,2.146755
15.750000,13.250000,2.146755
6.250000,12.500000,2.146755
6.750000,12.500000,2.146755
7.250000,12.500000,2.146755
7.750000,12.500000,2.146755
8.250000,12.500000,2.146755
8.750000,12.500000,2.146755
9.250000,12.500000,2.146755
9.750000,12.500000,2.146755
10.250000,12.500000,2.146755
10.750000,12.500000,2.146755
11.250000,12.500000,2.146755
11.750000,12.500000,2.146755
12.250000,12.500000,2.146755
12.750000,12.500000,2.146755
13.250000,12.500000,2.146755
13.750000,12.500000,2.146755
14.250000,12.500000,2.146755
14.750000,12.500000,2.146755
15.250000,12.500000,2.146755
15.750000,12.500000,2.146755
6.750000,12.500000,2.251475
6.633022,12.821394,2.251475
6.336824,12.992404,2.251475
6.000000,12.933013,2.251475
5.780154,12.671010,2.251475
5.780154,12.328990,2.251475
6.000000,12.066987,2.251475
6.336824,12.007596,2.251475
6.633022,12.178606,2.251475
6.810000,11.750000,2.251475
6.810000,12.250000,2.251475
6.810000,12.750000,2.251475
6.810000,13.250000,2.251475
7.290000,11.750000,2.251475
7.290000,12.250000,2.251475
7.290000,12.750000,2.251475
7.290000,13.250000,2.251475
7.770000,11.750000,2.251475
7.770000,12.250000,2.251475
7.770000,12.750000,2.251475
7.770000,13.250000,2.251475
8.750000,11.750000,2.251475
8.750000,12.250000,2.251475
8.750000,12.750000,2.251475
8.750000,13.250000,2.251475
9.750000,11.750000,2.251475
9.750000,12.250000,2.251475
9.750000,12.750000,2.251475
9.750000,13.250000,2.251475
10.750000,11.750000,2.251475
10.750000,12.250000,2.251475
10.750000,12.750000,2.251475
10.750000,13.250000,2.251475
12.750000,11.750000,2.251475
12.750000,12.250000,2.251475
12.750000,12.750000,2.251475
12.750000,13.250000,2.251475
15.750000,11.750000,2.251475
15.750000,12.250000,2.251475
15.750000,12.750000,2.251475
15.750000,13.250000,2.251475
6.250000,12.500000,2.251475
6.750000,12.500000,2.251475
7.250000,12.500000,2.251475
7.750000,12.500000,2.251475
8.250000,12.500000,2.251475
8.750000,12.500000,2.251475
9.250000,12.500000,2.251475
9.750000,12.500000,2.251475
10.250000,12.500000,2.251475
10.750000,12.500000,2.251475
11.250000,12.500000,2.251475
11.750000,12.500000,2.251475
12.250000,12.500000,2.251475
12.750000,12.500000,2.251475
13.250000,12.500000,2.251475
13.750000,12.500000,2.251475
14.250000,12.500000,2.251475
14.750000,12.500000,2.251475
15.250000,12.500000,2.251475
15.750000,12.500000,2.251475
6.750000,12.500000,2.356194
6.633022,12.821394,2.356194
6.336824,12.992404,2.356194
6.000000,12.933013,2.356194
5.780154,12.671010,2.356194
5.780154,12.328990,2.356194
6.000000,12.066987,2.356194
6.336824,12.007596,2.356194
6.633022,12.178606,2.356194
6.810000,11.750000,2.356194
6.810000,12.250000,2.356194
6.810000,12.750000,2.356194
6.810000,13.250000,2.356194
7.290000,11.750000,2.356194
7.290000,12.250000,2.356194
7.290000,12.750000,2.356194
7.290000,13.250000,2.356194
7.770000,11.750000,2.356194
7.770000,12.250000,2.356194
7.770000,12.750000,2.356194
7.770000,13.250000,2.356194
8.750000,11.750000,2.356194
8.750000,12.250000,2.356194
8.750000,12.750000,2.356194
8.750000,13.250000,2.356194
9.750000,11.750000,2.356194
9.750000,12.250000,2.356194
9.750000,12.750000,2.356194
9.750000,13.250000,2.356194
10.750000,11.750000,2.356194
10.750000,12.250000,2.356194
10.750000,12.750000,2.356194
10.750000,13.250000,2.356194
12.750000,11.750000,2.356194
12.750000,12.250000,2.356194
12.750000,12.750000,2.356194
12.750000,13.250000,2.356194
15.750000,11.750000,2.356194
15.750000,12.250000,2.356194
15.750000,12.750000,2.356194
15.750000,13.250000,2.356194
6.250000,12.500000,2.356194
6.750000,12.500000,2.356194
7.250000,12.500000,2.356194
7.750000,12.500000,2.356194
8.250000,12.500000,2.356194
8.750000,12.500000,2.356194
9.250000,12.500000,2.356194
9.750000,12.500000,2.356194
10.250000,12.500000,2.356194
10.750000,12.500000,2.356194
11.250000,12.500000,2.356194
11.750000,12.500000,2.356194
12.250000,12.500000,2.356194
12.750000,12.500000,2.356194
13.250000,12.500000,2.356194
13.750000,12.500000,2.356194
14.250000,12.500000,2.356194
14.750000,12.500000,2.356194
15.250000,12.500000,2.356194
15.750000,12.500000,2.356194
6.750000,12.500000,2.460914
6.633022,12.821394,2.460914
6.336824,12.992404,2.460914
6.000000,12.933013,2.460914
5.780154,12.671010,2.460914
5.780154,12.328990,2.460914
6.000000,12.066987,2.460914
6.336824,12.007596,2.460914
6.633022,12.178606,2.460914
6.810000,11.750000,2.460914
6.810000,12.250000,2.460914
6.810000,12.750000,2.460914
6.810000,13.250000,2.460914
7.290000,11.750000,2.460914
7.290000,12.250000,2.460914
7.290000,12.750000,2.460914
7.290000,13.250000,2.460914
7.770000,11.750000,2.460914
7.770000,12.250000,2.460914
7.770000,12.750000,2.460914
7.770000,13.250000,2.460914
8.750000,11.750000,2.460914
8.750000,12.250000,2.460914
8.750000,12.750000,2.460914
8.750000,13.250000,2.460914
9.750000,11.750000,2.460914
9.750000,12.250000,2.460914
9.750000,12.750000,2.460914
9.750000,13.250000,2.460914
10.750000,11.750000,2.460914
10.750000,12.250000,2.460914
10.750000,12.750000,2.460914
10.750000,13.250000,2.460914
12.750000,11.750000,2.460914
12.750000,12.250000,2.460914
12.750000,12.750000,2.460914
12.750000,13.250000,2.460914
15.750000,11.750000,2.460914
15.750000,12.250000,2.460914
15.750000,12.750000,2.460914
15.750000,13.250000,2.460914
6.250000,12.500000,2.460914
6.750000,12.500000,2.460914
7.250000,12.500000,2.460914
7.750000,12.500000,2.460914
8.250000,12.500000,2.460914
8.750000,12.500000,2.460914
9.250000,12.500000,2.460914
9.750000,12.500000,2.460914
10.250000,12.500000,2.460914
10.750000,12.500000,2.460914
11.250000,12.500000,2.460914
11.750000,12.500000,2.460914
12.250000,12.500000,2.460914
12.750000,12.500000,2.460914
13.250000,12.500000,2.460914
13.750000,12.500000,2.460914
14.250000,12.500000,2.460914
14.750000,12.500000,2.460914
15.250000,12.500000,2.460914
15.750000,12.500000,2.460914
6.750000,12.500000,2.565634
6.633022,12.821394,2.565634
6.336824,12.992404,2.565634
6.000000,12.933013,2.565634
5.780154,12.671010,2.565634
5.780154,12.328990,2.565634
6.000000,12.066987,2.565634
6.336824,12.007596,2.565634
6.633022,12.178606,2.565634
6.810000,11.750000,2.565634
6.810000,12.250000,2.565634
6.810000,12.750000,2.565634
6.810000,13.250000,2.565634
7.290000,11.750000,2.565634
7.290000,12.250000,2.565634
7.290000,12.750000,2.565634
7.290000,13.250000,2.565634
7.770000,11.750000,2.565634
7.770000,12.250000,2.565634
7.770000,12.750000,2.565634
7.770000,13.250000,2.565634
8.750000,11.750000,2.565634
8.750000,12.250000,2.565634
8.750000,12.750000,2.565634
8.750000,13.250000,2.565634
9.750000,11.750000,2.565634
9.750000,12.250000,2.565634
9.750000,12.750000,2.565634
9.750000,13.250000,2.565634
10.750000,11.750000,2.565634
10.750000,12.250000,2.565634
10.750000,12.750000,2.565634
10.750000,13.250000,2.565634
12.750000,11.750000,2.565634
12.750000,12.250000,2.565634
12.750000,12.750000,2.565634
12.750000,13.250000,2.565634
15.750000,11.750000,2.565634
15.750000,12.250000,2.565634
15.750000,12.750000,2.565634
15.750000,13.250000,2.565634
6.250000,12.500000,2.565634
6.750000,12.500000,2.565634
7.250000,12.500000,2.565634
7.750000,12.500000,2.565634
8.250000,12.500000,2.565634
8.750000,12.500000,2.565634
9.250000,12.500000,2.565634
9.750000,12.500000,2.565634
10.250000,12.500000,2.565634
10.750000,12.500000,2.565634
11.250000,12.500000,2.565634
11.750000,12.500000,2.565634
12.250000,12.500000,2.565634
12.750000,12.500000,2.565634
13.250000,12.500000,2.565634
13.750000,12.500000,2.565634
14.250000,12.500000,2.565634
14.750000,12.500000,2.565634
15.250000,12.500000,2.565634
15.750000,12.500000,2.565634
6.750000,12.500000,2.670354
6.633022,12.821394,2.670354
6.336824,12.992404,2.670354
6.000000,12.933013,2.670354
5.780154,12.671010,2.670354
5.780154,12.328990,2.670354
6.000000,12.066987,2.670354
6.336824,12.007596,2.670354
6.633022,12.178606,2.670354
6.810000,11.750000,2.670354
6.810000,12.250000,2.670354
6.810000,12.750000,2.670354
6.810000,13.250000,2.670354
7.290000,11.750000,2.670354
7.290000,12.250000,2.670354
7.290000,12.750000,2.670354
7.290000,13.250000,2.670354
7.770000,11.750000,2.670354
7.770000,12.250000,2.670354
7.770000,12.750000,2.670354
7.770000,13.250000,2.670354
8.750000,11.750000,2.670354
8.750000,12.250000,2.670354
8.750000,12.750000,2.670354
8.750000,13.250000,2.670354
9.750000,11.750000,2.670354
9.750000,12.250000,2.670354
9.750000,12.750000,2.670354
9.750000,13.250000,2.670354
10.750000,11.750000,2.670354
10.750000,12.250000,2.670354
10.750000,12.750000,2.670354
10.750000,13.250000,2.670354
12.750000,11.750000,2.670354
12.750000,12.250000,2.670354
12.750000,12.750000,2.670354
12.750000,13.250000,2.670354
15.750000,11.750000,2.670354
15.750000,12.250000,2.670354
15.750000,12.750000,2.670354
15.750000,13.250000,2.670354
6.250000,12.500000,2.670354
6.750000,12.500000,2.670354
7.250000,12.500000,2.670354
7.750000,12.500000,2.670354
8.250000,12.500000,2.670354
8.750000,12.500000,2.670354
9.250000,12.500000,2.670354
9.750000,12.500000,2.670354
10.250000,12.500000,2.670354
10.750000,12.500000,2.670354
11.250000,12.500000,2.670354
11.750000,12.500000,2.670354
12.250000,12.500000,2.670354
12.750000,12.500000,2.670354
13.250000,12.500000,2.670354
13.750000,12.500000,2.670354
14.250000,12.500000,2.670354
14.750000,12.500000,2.670354
15.250000,12.500000,2.670354
15.750000,12.500000,2.670354
6.750000,12.500000,2.775074
6.633022,12.821394,2.775074
6.336824,12.992404,2.775074
6.000000,12.933013,2.775074
5.780154,12.671010,2.775074
5.780154,12.328990,2.775074
6.000000,12.066987,2.775074
6.336824,12.007596,2.775074
6.633022,12.178606,2.775074
6.810000,11.750000,2.775074
6.810000,12.250000,2.775074
6.810000,12.750000,2.775074
6.810000,13.250000,2.775074
7.290000,11.750000,2.775074
7.290000,12.250000,2.775074
7.290000,12.750000,2.775074
7.290000,13.250000,2.775074
7.770000,11.750000,2.775074
7.770000,12.250000,2.775074
7.770000,12.750000,2.775074
7.770000,13.250000,2.775074
8.750000,11.750000,2.775074
8.750000,12.250000,2.775074
8.750000,12.750000,2.775074
8.750000,13.250000,2.775074
9.750000,11.750000,2.775074
9.750000,12.250000,2.775074
9.750000,12.750000,2.775074
9.750000,13.250000,2.775074
10.750000,11.750000,2.775074
10.750000,12.250000,2.775074
10.750000,12.750000,2.775074
10.750000,13.250000,2.775074
12.750000,11.750000,2.775074
12.750000,12.250000,2.775074
12.750000,12.750000,2.775074
12.750000,13.250000,2.775074
15.750000,11.750000,2.775074
15.750000,12.250000,2.775074
15.750000,12.750000,2.775074
15.750000,13.250000,2.775074
6.250000,12.500000,2.775074
6.750000,12.500000,2.775074
7.250000,12.500000,2.775074
7.750000,12.500000,2.775074
8.250000,12.500000,2.775074
8.750000,12.500000,2.775074
9.250000,12.500000,2.775074
9.750000,12.500000,2.775074
10.250000,12.500000,2.775074
10.750000,12.500000,2.775074
11.250000,12.500000,2.775074
11.750000,12.500000,2.775074
12.250000,12.500000,2.775074
12.750000,12.500000,2.775074
13.250000,12.500000,2.775074
13.750000,12.500000,2.775074
14.250000,12.500000,2.775074
14.750000,12.500000,2.775074
15.250000,12.500000,2.775074
15.750000,12.500000,2.775074
6.750000,12.500000,2.879793
6.633022,12.821394,2.879793
6.336824,12.992404,2.879793
6.000000,12.933013,2.879793
5.780154,12.671010,2.879793
5.780154,12.328990,2.879793
6.000000,12.066987,2.879793
6.336824,12.007596,2.879793
6.633022,12.178606,2.879793
6.810000,11.750000,2.879793
6.810000,12.250000,2.879793
6.810000,12.750000,2.879793
6.810000,13.250000,2.879793
7.290000,11.750000,2.879793
7.290000,12.250000,2.879793
7.290000,12.750000,2.879793
7.290000,13.250000,2.879793
7.770000,11.750000,2.879793
7.770000,12.250000,2.879793
7.770000,12.750000,2.879793
7.770000,13.250000,2.879793
8.750000,11.750000,2.879793
8.750000,12.250000,2.879793
8.750000,12.750000,2.879793
8.750000,13.250000,2.879793
9.750000,11.750000,2.879793
9.750000,12.250000,2.879793
9.750000,12.750000,2.879793
9.750000,13.250000,2.879793
10.750000,11.750000,2.879793
10.750000,12.250000,2.879793
10.750000,12.750000,2.879793
10.750000,13.250000,2.879793
12.750000,11.750000,2.879793
12.750000,12.250000,2.879793
12.750000,12.750000,2.879793
12.750000,13.250000,2.879793
15.750000,11.750000,2.879793
15.750000,12.250000,2.879793
15.750000,12.750000,2.879793
15.750000,13.250000,2.879793
6.250000,12.500000,2.879793
6.750000,12.500000,2.879793
7.250000,12.500000,2.879793
7.750000,12.500000,2.879793
8.250000,12.500000,2.879793
8.750000,12.500000,2.879793
9.250000,12.500000,2.879793
9.750000,12.500000,2.879793
10.250000,12.500000,2.879793
10.750000,12.500000,2.879793
11.250000,12.500000,2.879793
11.750000,12.500000,2.879793
12.250000,12.500000,2.879793
12.750000,12.500000,2.879793
13.250000,12.500000,2.879793
13.750000,12.500000,2.879793
14.250000,12.500000,2.879793
14.750000,12.500000,2.879793
15.250000,12.500000,2.879793
15.750000,12.500000,2.879793
6.750000,12.500000,2.984513
6.633022,12.821394,2.984513
6.336824,12.992404,2.984513
6.000000,12.933013,2.984513
5.780154,12.671010,2.984513
5.780154,12.328990,2.984513
6.000000,12.066987,2.984513
6.336824,12.007596,2.984513
6.633022,12.178606,2.984513
6.810000,11.750000,2.984513
6.810000,12.250000,2.984513
6.810000,12.750000,2.984513
6.810000,13.250000,2.984513
7.290000,11.750000,2.984513
7.290000,12.250000,2.984513
7.290000,12.750000,2.984513
7.290000,13.250000,2.984513
7.770000,11.750000,2.984513
7.770000,12.250000,2.984513
7.770000,12.750000,2.984513
7.770000,13.250000,2.984513
8.750000,11.750000,2.984513
8.750000,12.250000,2.984513
8.750000,12.750000,2.984513
8.750000,13.250000,2.984513
9.750000,11.750000,2.984513
9.750000,12.250000,2.984513
9.750000,12.750000,2.984513
9.750000,13.250000,2.984513
10.750000,11.750000,2.984513
10.750000,12.250000,2.984513
10.750000,12.750000,2.984513
10.750000,13.250000,2.984513
12.750000,11.750000,2.984513
12.750000,12.250000,2.984513
12.750000,12.750000,2.984513
12.750000,13.250000,2.984513
15.750000,11.750000,2.984513
15.750000,12.250000,2.984513
15.750000,12.750000,2.984513
15.750000,13.250000,2.984513
6.250000,12.500000,2.984513
6.750000,12.500000,2.984513
7.250000,12.500000,2.984513
7.750000,12.500000,2.984513
8.250000,12.500000,2.984513
8.750000,12.500000,2.984513
9.250000,12.500000,2.984513
9.750000,12.500000,2.984513
10.250000,12.500000,2.984513
10.750000,12.500000,2.984513
11.250000,12.500000,2.984513
11.750000,12.500000,2.984513
12.250000,12.500000,2.984513
12.750000,12.500000,2.984513
13.250000,12.500000,2.984513
13.750000,12.500000,2.984513
14.250000,12.500000,2.984513
14.750000,12.500000,2.984513
15.250000,12.500000,2.984513
15.750000,12.500000,2.984513
6.750000,12.500000,3.089233
6.633022,12.821394,3.089233
6.336824,12.992404,3.089233
6.000000,12.933013,3.089233
5.780154,12.671010,3.089233
5.780154,12.328990,3.089233
6.000000,12.066987,3.089233
6.336824,12.007596,3.089233
6.633022,12.178606,3.089233
6.810000,11.750000,3.089233
6.810000,12.250000,3.089233
6.810000,12.750000,3.089233
6.810000,13.250000,3.089233
7.290000,11.750000,3.089233
7.290000,12.250000,3.089233
7.290000,12.750000,3.089233
7.290000,13.250000,3.089233
7.770000,11.750000,3.089233
7.770000,12.250000,3.089233
7.770000,12.750000,3.089233
7.770000,13.250000,3.089233
8.750000,11.750000,3.089233
8.750000,12.250000,3.089233
8.750000,12.750000,3.089233
8.750000,13.250000,3.089233
9.750000,11.750000,3.089233
9.750000,12.250000,3.089233
9.750000,12.750000,3.089233
9.750000,13.250000,3.089233
10.750000,11.750000,3.089233
10.750000,12.250000,3.089233
10.750000,12.750000,3.089233
10.750000,13.250000,3.089233
12.750000,11.750000,3.089233
12.750000,12.250000,3.089233
12.750000,12.750000,3.089233
12.750000,13.250000,3.089233
15.750000,11.750000,3.089233
15.750000,12.250000,3.089233
15.750000,12.750000,3.089233
15.750000,13.250000,3.089233
6.250000,12.500000,3.089233
6.750000,12.500000,3.089233
7.250000,12.500000,3.089233
7.750000,12.500000,3.089233
8.250000,12.500000,3.089233
8.750000,12.500000,3.089233
9.250000,12.500000,3.089233
9.750000,12.500000,3.089233
10.250000,12.500000,3.089233
10.750000,12.500000,3.089233
11.250000,12.500000,3.089233
11.750000,12.500000,3.089233
12.250000,12.500000,3.089233
12.750000,12.500000,3.089233
13.250000,12.500000,3.089233
13.750000,12.500000,3.089233
14.250000,12.500000,3.089233
14.750000,12.500000,3.089233
15.250000,12.500000,3.089233
15.750000,12.500000,3.089233
END_WITNESS_POINTS
