WITNESS_POINTS, NUMBER=2745
6.750000,12.500000,0.034907
6.633022,12.821394,0.034907
6.336824,12.992404,0.034907
6.000000,12.933013,0.034907
5.780154,12.671010,0.034907
5.780154,12.328990,0.034907
6.000000,12.066987,0.034907
6.336824,12.007596,0.034907
6.633022,12.178606,0.034907
6.810000,11.750000,0.034907
6.810000,12.250000,0.034907
6.810000,12.750000,0.034907
6.810000,13.250000,0.034907
7.290000,11.750000,0.034907
7.290000,12.250000,0.034907
7.290000,12.750000,0.034907
7.290000,13.250000,0.034907
7.770000,11.750000,0.034907
7.770000,12.250000,0.034907
7.770000,12.750000,0.034907
7.770000,13.250000,0.034907
8.750000,11.750000,0.034907
8.750000,12.250000,0.034907
8.750000,12.750000,0.034907
8.750000,13.250000,0.034907
9.750000,11.750000,0.034907
9.750000,12.250000,0.034907
9.750000,12.750000,0.034907
9.750000,13.250000,0.034907
10.750000,11.750000,0.034907
10.750000,12.250000,0.034907
10.750000,12.750000,0.034907
10.750000,13.250000,0.034907
12.750000,11.750000,0.034907
12.750000,12.250000,0.034907
12.750000,12.750000,0.034907
12.750000,13.250000,0.034907
15.750000,11.750000,0.034907
15.750000,12.250000,0.034907
15.750000,12.750000,0.034907
15.750000,13.250000,0.034907
6.250000,12.500000,0.034907
6.750000,12.500000,0.034907
7.250000,12.500000,0.034907
7.750000,12.500000,0.034907
8.250000,12.500000,0.034907
8.750000,12.500000,0.034907
9.250000,12.500000,0.034907
9.750000,12.500000,0.034907
10.250000,12.500000,0.034907
10.750000,12.500000,0.034907
11.250000,12.500000,0.034907
11.750000,12.500000,0.034907
12.250000,12.500000,0.034907
12.750000,12.500000,0.034907
13.250000,12.500000,0.034907
13.750000,12.500000,0.034907
14.250000,12.500000,0.034907
14.750000,12.500000,0.034907
15.250000,12.500000,0.034907
15.750000,12.500000,0.034907
6.750000,12.500000,0.104720
6.633022,12.821394,0.104720
6.336824,12.992404,0.104720
6.000000,12.933013,0.104720
5.780154,12.671010,0.104720
5.780154,12.328990,0.104720
6.000000,12.066987,0.104720
6.336824,12.007596,0.104720
6.633022,12.178606,0.104720
6.810000,11.750000,0.104720
6.810000,12.250000,0.104720
6.810000,12.750000,0.104720
6.810000,13.250000,0.104720
7.290000,11.750000,0.104720
7.290000,12.250000,0.104720
7.290000,12.750000,0.104720
7.290000,13.250000,0.104720
7.770000,11.750000,0.104720
7.770000,12.250000,0.104720
7.770000,12.750000,0.104720
7.770000,13.250000,0.104720
8.750000,11.750000,0.104720
8.750000,12.250000,0.104720
8.750000,12.750000,0.104720
8.750000,13.250000,0.104720
9.750000,11.750000,0.104720
9.750000,12.250000,0.104720
9.750000,12.750000,0.104720
9.750000,13.250000,0.104720
10.750000,11.750000,0.104720
10.750000,12.250000,0.104720
10.750000,12.750000,0.104720
10.750000,13.250000,0.104720
12.750000,11.750000,0.104720
12.750000,12.250000,0.104720
12.750000,12.750000,0.104720
12.750000,13.250000,0.104720
15.750000,11.750000,0.104720
15.750000,12.250000,0.104720
15.750000,12.750000,0.104720
15.750000,13.250000,0.104720
6.250000,12.500000,0.104720
6.750000,12.500000,0.104720
7.250000,12.500000,0.104720
7.750000,12.500000,0.104720
8.250000,12.500000,0.104720
8.750000,12.500000,0.104720
9.250000,12.500000,0.104720
9.750000,12.500000,0.104720
10.250000,12.500000,0.104720
10.750000,12.500000,0.104720
11.250000,12.500000,0.104720
11.750000,12.500000,0.104720
12.250000,12.500000,0.104720
12.750000,12.500000,0.104720
13.250000,12.500000,0.104720
13.750000,12.500000,0.104720
14.250000,12.500000,0.104720
14.750000,12.500000,0.104720
15.250000,12.500000,0.104720
15.750000,12.500000,0.104720
6.750000,12.500000,0.174533
6.633022,12.821394,0.174533
6.336824,12.992404,0.174533
6.000000,12.933013,0.174533
5.780154,12.671010,0.174533
5.780154,12.328990,0.174533
6.000000,12.066987,0.174533
6.336824,12.007596,0.174533
6.633022,12.178606,0.174533
6.810000,11.750000,0.174533
6.810000,12.250000,0.174533
6.810000,12.750000,0.174533
6.810000,13.250000,0.174533
7.290000,11.750000,0.174533
7.290000,12.250000,0.174533
7.290000,12.750000,0.174533
7.290000,13.250000,0.174533
7.770000,11.750000,0.174533
7.770000,12.250000,0.174533
7.770000,12.750000,0.174533
7.770000,13.250000,0.174533
8.750000,11.750000,0.174533
8.750000,12.250000,0.174533
8.750000,12.750000,0.174533
8.750000,13.250000,0.174533
9.750000,11.750000,0.174533
9.750000,12.250000,0.174533
9.750000,12.750000,0.174533
9.750000,13.250000,0.174533
10.750000,11.750000,0.174533
10.750000,12.250000,0.174533
10.750000,12.750000,0.174533
10.750000,13.250000,0.174533
12.750000,11.750000,0.174533
12.750000,12.250000,0.174533
12.750000,12.750000,0.174533
12.750000,13.250000,0.174533
15.750000,11.750000,0.174533
15.750000,12.250000,0.174533
15.750000,12.750000,0.174533
15.750000,13.250000,0.174533
6.250000,12.500000,0.174533
6.750000,12.500000,0.174533
7.250000,12.500000,0.174533
7.750000,12.500000,0.174533
8.250000,12.500000,0.174533
8.750000,12.500000,0.174533
9.250000,12.500000,0.174533
9.750000,12.500000,0.174533
10.250000,12.500000,0.174533
10.750000,12.500000,0.174533
11.250000,12.500000,0.174533
11.750000,12.500000,0.174533
12.250000,12.500000,0.174533
12.750000,12.500000,0.174533
13.250000,12.500000,0.174533
13.750000,12.500000,0.174533
14.250000,12.500000,0.174533
14.750000,12.500000,0.174533
15.250000,12.500000,0.174533
15.750000,12.500000,0.174533
6.750000,12.500000,0.244346
6.633022,12.821394,0.244346
6.336824,12.992404,0.244346
6.000000,12.933013,0.244346
5.780154,12.671010,0.244346
5.780154,12.328990,0.244346
6.000000,12.066987,0.244346
6.336824,12.007596,0.244346
6.633022,12.178606,0.244346
6.810000,11.750000,0.244346
6.810000,12.250000,0.244346
6.810000,12.750000,0.244346
6.810000,13.250000,0.244346
7.290000,11.750000,0.244346
7.290000,12.250000,0.244346
7.290000,12.750000,0.244346
7.290000,13.250000,0.244346
7.770000,11.750000,0.244346
7.770000,12.250000,0.244346
7.770000,12.750000,0.244346
7.770000,13.250000,0.244346
8.750000,11.750000,0.244346
8.750000,12.250000,0.244346
8.750000,12.750000,0.244346
8.750000,13.250000,0.244346
9.750000,11.750000,0.244346
9.750000,12.250000,0.244346
9.750000,12.750000,0.244346
9.750000,13.250000,0.244346
10.750000,11.750000,0.244346
10.750000,12.250000,0.244346
10.750000,12.750000,0.244346
10.750000,13.250000,0.244346
12.750000,11.750000,0.244346
12.750000,12.250000,0.244346
12.750000,12.750000,0.244346
12.750000,13.250000,0.244346
15.750000,11.750000,0.244346
15.750000,12.250000,0.244346
15.750000,12.750000,0.244346
15.750000,13.250000,0.244346
6.250000,12.500000,0.244346
6.750000,12.500000,0.244346
7.250000,12.500000,0.244346
7.750000,12.500000,0.244346
8.250000,12.500000,0.244346
8.750000,12.500000,0.244346
9.250000,12.500000,0.244346
9.750000,12.500000,0.244346
10.250000,12.500000,0.244346
10.750000,12.500000,0.244346
11.250000,12.500000,0.244346
11.750000,12.500000,0.244346
12.250000,12.500000,0.244346
12.750000,12.500000,0.244346
13.250000,12.500000,0.244346
13.750000,12.500000,0.244346
14.250000,12.500000,0.244346
14.750000,12.500000,0.244346
15.250000,12.500000,0.244346
15.750000,12.500000,0.244346
6.750000,12.500000,0.314159
6.633022,12.821394,0.314159
6.336824,12.992404,0.314159
6.000000,12.933013,0.314159
5.780154,12.671010,0.314159
5.780154,12.328990,0.314159
6.000000,12.066987,0.314159
6.336824,12.007596,0.314159
6.633022,12.178606,0.314159
6.810000,11.750000,0.314159
6.810000,12.250000,0.314159
6.810000,12.750000,0.314159
6.810000,13.250000,0.314159
7.290000,11.750000,0.314159
7.290000,12.250000,0.314159
7.290000,12.750000,0.314159
7.290000,13.250000,0.314159
7.770000,11.750000,0.314159
7.770000,12.250000,0.314159
7.770000,12.750000,0.314159
7.770000,13.250000,0.314159
8.750000,11.750000,0.314159
8.750000,12.250000,0.314159
8.750000,12.750000,0.314159
8.750000,13.250000,0.314159
9.750000,11.750000,0.314159
9.750000,12.250000,0.314159
9.750000,12.750000,0.314159
9.750000,13.250000,0.314159
10.750000,11.750000,0.314159
10.750000,12.250000,0.314159
10.750000,12.750000,0.314159
10.750000,13.250000,0.314159
12.750000,11.750000,0.314159
12.750000,12.250000,0.314159
12.750000,12.750000,0.314159
12.750000,13.250000,0.314159
15.750000,11.750000,0.314159
15.750000,12.250000,0.314159
15.750000,12.750000,0.314159
15.750000,13.250000,0.314159
6.250000,12.500000,0.314159
6.750000,12.500000,0.314159
7.250000,12.500000,0.314159
7.750000,12.500000,0.314159
8.250000,12.500000,0.314159
8.750000,12.500000,0.314159
9.250000,12.500000,0.314159
9.750000,12.500000,0.314159
10.250000,12.500000,0.314159
10.750000,12.500000,0.314159
11.250000,12.500000,0.314159
11.750000,12.500000,0.314159
12.250000,12.500000,0.314159
12.750000,12.500000,0.314159
13.250000,12.500000,0.314159
13.750000,12.500000,0.314159
14.250000,12.500000,0.314159
14.750000,12.500000,0.314159
15.250000,12.500000,0.314159
15.750000,12.500000,0.314159
6.750000,12.500000,0.383972
6.633022,12.821394,0.383972
6.336824,12.992404,0.383972
6.000000,12.933013,0.383972
5.780154,12.671010,0.383972
5.780154,12.328990,0.383972
6.000000,12.066987,0.383972
6.336824,12.007596,0.383972
6.633022,12.178606,0.383972
6.810000,11.750000,0.383972
6.810000,12.250000,0.383972
6.810000,12.750000,0.383972
6.810000,13.250000,0.383972
7.290000,11.750000,0.383972
7.290000,12.250000,0.383972
7.290000,12.750000,0.383972
7.290000,13.250000,0.383972
7.770000,11.750000,0.383972
7.770000,12.250000,0.383972
7.770000,12.750000,0.383972
7.770000,13.250000,0.383972
8.750000,11.750000,0.383972
8.750000,12.250000,0.383972
8.750000,12.750000,0.383972
8.750000,13.250000,0.383972
9.750000,11.750000,0.383972
9.750000,12.250000,0.383972
9.750000,12.750000,0.383972
9.750000,13.250000,0.383972
10.750000,11.750000,0.383972
10.750000,12.250000,0.383972
10.750000,12.750000,0.383972
10.750000,13.250000,0.383972
12.750000,11.750000,0.383972
12.750000,12.250000,0.383972
12.750000,12.750000,0.383972
12.750000,13.250000,0.383972
15.750000,11.750000,0.383972
15.750000,12.250000,0.383972
15.750000,12.750000,0.383972
15.750000,13.250000,0.383972
6.250000,12.500000,0.383972
6.750000,12.500000,0.383972
7.250000,12.500000,0.383972
7.750000,12.500000,0.383972
8.250000,12.500000,0.383972
8.750000,12.500000,0.383972
9.250000,12.500000,0.383972
9.750000,12.500000,0.383972
10.250000,12.500000,0.383972
10.750000,12.500000,0.383972
11.250000,12.500000,0.383972
11.750000,12.500000,0.383972
12.250000,12.500000,0.383972
12.750000,12.500000,0.383972
13.250000,12.500000,0.383972
13.750000,12.500000,0.383972
14.250000,12.500000,0.383972
14.750000,12.500000,0.383972
15.250000,12.500000,0.383972
15.750000,12.500000,0.383972
6.750000,12.500000,0.453786
6.633022,12.821394,0.453786
6.336824,12.992404,0.453786
6.000000,12.933013,0.453786
5.780154,12.671010,0.453786
5.780154,12.328990,0.453786
6.000000,12.066987,0.453786
6.336824,12.007596,0.453786
6.633022,12.178606,0.453786
6.810000,11.750000,0.453786
6.810000,12.250000,0.453786
6.810000,12.750000,0.453786
6.810000,13.250000,0.453786
7.290000,11.750000,0.453786
7.290000,12.250000,0.453786
7.290000,12.750000,0.453786
7.290000,13.250000,0.453786
7.770000,11.750000,0.453786
7.770000,12.250000,0.453786
7.770000,12.750000,0.453786
7.770000,13.250000,0.453786
8.750000,11.750000,0.453786
8.750000,12.250000,0.453786
8.750000,12.750000,0.453786
8.750000,13.250000,0.453786
9.750000,11.750000,0.453786
9.750000,12.250000,0.453786
9.750000,12.750000,0.453786
9.750000,13.250000,0.453786
10.750000,11.750000,0.453786
10.750000,12.250000,0.453786
10.750000,12.750000,0.453786
10.750000,13.250000,0.453786
12.750000,11.750000,0.453786
12.750000,12.250000,0.453786
12.750000,12.750000,0.453786
12.750000,13.250000,0.453786
15.750000,11.750000,0.453786
15.750000,12.250000,0.453786
15.750000,12.750000,0.453786
15.750000,13.250000,0.453786
6.250000,12.500000,0.453786
6.750000,12.500000,0.453786
7.250000,12.500000,0.453786
7.750000,12.500000,0.453786
8.250000,12.500000,0.453786
8.750000,12.500000,0.453786
9.250000,12.500000,0.453786
9.750000,12.500000,0.453786
10.250000,12.500000,0.453786
10.750000,12.500000,0.453786
11.250000,12.500000,0.453786
11.750000,12.500000,0.453786
12.250000,12.500000,0.453786
12.750000,12.500000,0.453786
13.250000,12.500000,0.453786
13.750000,12.500000,0.453786
14.250000,12.500000,0.453786
14.750000,12.500000,0.453786
15.250000,12.500000,0.453786
15.750000,12.500000,0.453786
6.750000,12.500000,0.523599
6.633022,12.821394,0.523599
6.336824,12.992404,0.523599
6.000000,12.933013,0.523599
5.780154,12.671010,0.523599
5.780154,12.328990,0.523599
6.000000,12.066987,0.523599
6.336824,12.007596,0.523599
6.633022,12.178606,0.523599
6.810000,11.750000,0.523599
6.810000,12.250000,0.523599
6.810000,12.750000,0.523599
6.810000,13.250000,0.523599
7.290000,11.750000,0.523599
7.290000,12.250000,0.523599
7.290000,12.750000,0.523599
7.290000,13.250000,0.523599
7.770000,11.750000,0.523599
7.770000,12.250000,0.523599
7.770000,12.750000,0.523599
7.770000,13.250000,0.523599
8.750000,11.750000,0.523599
8.750000,12.250000,0.523599
8.750000,12.750000,0.523599
8.750000,13.250000,0.523599
9.750000,11.750000,0.523599
9.750000,12.250000,0.523599
9.750000,12.750000,0.523599
9.750000,13.250000,0.523599
10.750000,11.750000,0.523599
10.750000,12.250000,0.523599
10.750000,12.750000,0.523599
10.750000,13.250000,0.523599
12.750000,11.750000,0.523599
12.750000,12.250000,0.523599
12.750000,12.750000,0.523599
12.750000,13.250000,0.523599
15.750000,11.750000,0.523599
15.750000,12.250000,0.523599
15.750000,12.750000,0.523599
15.750000,13.250000,0.523599
6.250000,12.500000,0.523599
6.750000,12.500000,0.523599
7.250000,12.500000,0.523599
7.750000,12.500000,0.523599
8.250000,12.500000,0.523599
8.750000,12.500000,0.523599
9.250000,12.500000,0.523599
9.750000,12.500000,0.523599
10.250000,12.500000,0.523599
10.750000,12.500000,0.523599
11.250000,12.500000,0.523599
11.750000,12.500000,0.523599
12.250000,12.500000,0.523599
12.750000,12.500000,0.523599
13.250000,12.500000,0.523599
13.750000,12.500000,0.523599
14.250000,12.500000,0.523599
14.750000,12.500000,0.523599
15.250000,12.500000,0.523599
15.750000,12.500000,0.523599
6.750000,12.500000,0.593412
6.633022,12.821394,0.593412
6.336824,12.992404,0.593412
6.000000,12.933013,0.593412
5.780154,12.671010,0.593412
5.780154,12.328990,0.593412
6.000000,12.066987,0.593412
6.336824,12.007596,0.593412
6.633022,12.178606,0.593412
6.810000,11.750000,0.593412
6.810000,12.250000,0.593412
6.810000,12.750000,0.593412
6.810000,13.250000,0.593412
7.290000,11.750000,0.593412
7.290000,12.250000,0.593412
7.290000,12.750000,0.593412
7.290000,13.250000,0.593412
7.770000,11.750000,0.593412
7.770000,12.250000,0.593412
7.770000,12.750000,0.593412
7.770000,13.250000,0.593412
8.750000,11.750000,0.593412
8.750000,12.250000,0.593412
8.750000,12.750000,0.593412
8.750000,13.250000,0.593412
9.750000,11.750000,0.593412
9.750000,12.250000,0.593412
9.750000,12.750000,0.593412
9.750000,13.250000,0.593412
10.750000,11.750000,0.593412
10.750000,12.250000,0.593412
10.750000,12.750000,0.593412
10.750000,13.250000,0.593412
12.750000,11.750000,0.593412
12.750000,12.250000,0.593412
12.750000,12.750000,0.593412
12.750000,13.250000,0.593412
15.750000,11.750000,0.593412
15.750000,12.250000,0.593412
15.750000,12.750000,0.593412
15.750000,13.250000,0.593412
6.250000,12.500000,0.593412
6.750000,12.500000,0.593412
7.250000,12.500000,0.593412
7.750000,12.500000,0.593412
8.250000,12.500000,0.593412
8.750000,12.500000,0.593412
9.250000,12.500000,0.593412
9.750000,12.500000,0.593412
10.250000,12.500000,0.593412
10.750000,12.500000,0.593412
11.250000,12.500000,0.593412
11.750000,12.500000,0.593412
12.250000,12.500000,0.593412
12.750000,12.500000,0.593412
13.250000,12.500000,0.593412
13.750000,12.500000,0.593412
14.250000,12.500000,0.593412
14.750000,12.500000,0.593412
15.250000,12.500000,0.593412
15.750000,12.500000,0.593412
6.750000,12.500000,0.663225
6.633022,12.821394,0.663225
6.336824,12.992404,0.663225
6.000000,12.933013,0.663225
5.780154,12.671010,0.663225
5.780154,12.328990,0.663225
6.000000,12.066987,0.663225
6.336824,12.007596,0.663225
6.633022,12.178606,0.663225
6.810000,11.750000,0.663225
6.810000,12.250000,0.663225
6.810000,12.750000,0.663225
6.810000,13.250000,0.663225
7.290000,11.750000,0.663225
7.290000,12.250000,0.663225
7.290000,12.750000,0.663225
7.290000,13.250000,0.663225
7.770000,11.750000,0.663225
7.770000,12.250000,0.663225
7.770000,12.750000,0.663225
7.770000,13.250000,0.663225
8.750000,11.750000,0.663225
8.750000,12.250000,0.663225
8.750000,12.750000,0.663225
8.750000,13.250000,0.663225
9.750000,11.750000,0.663225
9.750000,12.250000,0.663225
9.750000,12.750000,0.663225
9.750000,13.250000,0.663225
10.750000,11.750000,0.663225
10.750000,12.250000,0.663225
10.750000,12.750000,0.663225
10.750000,13.250000,0.663225
12.750000,11.750000,0.663225
12.750000,12.250000,0.663225
12.750000,12.750000,0.663225
12.750000,13.250000,0.663225
15.750000,11.750000,0.663225
15.750000,12.250000,0.663225
15.750000,12.750000,0.663225
15.750000,13.250000,0.663225
6.250000,12.500000,0.663225
6.750000,12.500000,0.663225
7.250000,12.500000,0.663225
7.750000,12.500000,0.663225
8.250000,12.500000,0.663225
8.750000,12.500000,0.663225
9.250000,12.500000,0.663225
9.750000,12.500000,0.663225
10.250000,12.500000,0.663225
10.750000,12.500000,0.663225
11.250000,12.500000,0.663225
11.750000,12.500000,0.663225
12.250000,12.500000,0.663225
12.750000,12.500000,0.663225
13.250000,12.500000,0.663225
13.750000,12.500000,0.663225
14.250000,12.500000,0.663225
14.750000,12.500000,0.663225
15.250000,12.500000,0.663225
15.750000,12.500000,0.663225
6.750000,12.500000,0.733038
6.633022,12.821394,0.733038
6.336824,12.992404,0.733038
6.000000,12.933013,0.733038
5.780154,12.671010,0.733038
5.780154,12.328990,0.733038
6.000000,12.066987,0.733038
6.336824,12.007596,0.733038
6.633022,12.178606,0.733038
6.810000,11.750000,0.733038
6.810000,12.250000,0.733038
6.810000,12.750000,0.733038
6.810000,13.250000,0.733038
7.290000,11.750000,0.733038
7.290000,12.250000,0.733038
7.290000,12.750000,0.733038
7.290000,13.250000,0.733038
7.770000,11.750000,0.733038
7.770000,12.250000,0.733038
7.770000,12.750000,0.733038
7.770000,13.250000,0.733038
8.750000,11.750000,0.733038
8.750000,12.250000,0.733038
8.750000,12.750000,0.733038
8.750000,13.250000,0.733038
9.750000,11.750000,0.733038
9.750000,12.250000,0.733038
9.750000,12.750000,0.733038
9.750000,13.250000,0.733038
10.750000,11.750000,0.733038
10.750000,12.250000,0.733038
10.750000,12.750000,0.733038
10.750000,13.250000,0.733038
12.750000,11.750000,0.733038
12.750000,12.250000,0.733038
12.750000,12.750000,0.733038
12.750000,13.250000,0.733038
15.750000,11.750000,0.733038
15.750000,12.250000,0.733038
15.750000,12.750000,0.733038
15.750000,13.250000,0.733038
6.250000,12.500000,0.733038
6.750000,12.500000,0.733038
7.250000,12.500000,0.733038
7.750000,12.500000,0.733038
8.250000,12.500000,0.733038
8.750000,12.500000,0.733038
9.250000,12.500000,0.733038
9.750000,12.500000,0.733038
10.250000,12.500000,0.733038
10.750000,12.500000,0.733038
11.250000,12.500000,0.733038
11.750000,12.500000,0.733038
12.250000,12.500000,0.733038
12.750000,12.500000,0.733038
13.250000,12.500000,0.733038
13.750000,12.500000,0.733038
14.250000,12.500000,0.733038
14.750000,12.500000,0.733038
15.250000,12.500000,0.733038
15.750000,12.500000,0.733038
6.750000,12.500000,0.802851
6.633022,12.821394,0.802851
6.336824,12.992404,0.802851
6.000000,12.933013,0.802851
5.780154,12.671010,0.802851
5.780154,12.328990,0.802851
6.000000,12.066987,0.802851
6.336824,12.007596,0.802851
6.633022,12.178606,0.802851
6.810000,11.750000,0.802851
6.810000,12.250000,0.802851
6.810000,12.750000,0.802851
6.810000,13.250000,0.802851
7.290000,11.750000,0.802851
7.290000,12.250000,0.802851
7.290000,12.750000,0.802851
7.290000,13.250000,0.802851
7.770000,11.750000,0.802851
7.770000,12.250000,0.802851
7.770000,12.750000,0.802851
7.770000,13.250000,0.802851
8.750000,11.750000,0.802851
8.750000,12.250000,0.802851
8.750000,12.750000,0.802851
8.750000,13.250000,0.802851
9.750000,11.750000,0.802851
9.750000,12.250000,0.802851
9.750000,12.750000,0.802851
9.750000,13.250000,0.802851
10.750000,11.750000,0.802851
10.750000,12.250000,0.802851
10.750000,12.750000,0.802851
10.750000,13.250000,0.802851
12.750000,11.750000,0.802851
12.750000,12.250000,0.802851
12.750000,12.750000,0.802851
12.750000,13.250000,0.802851
15.750000,11.750000,0.802851
15.750000,12.250000,0.802851
15.750000,12.750000,0.802851
15.750000,13.250000,0.802851
6.250000,12.500000,0.802851
6.750000,12.500000,0.802851
7.250000,12.500000,0.802851
7.750000,12.500000,0.802851
8.250000,12.500000,0.802851
8.750000,12.500000,0.802851
9.250000,12.500000,0.802851
9.750000,12.500000,0.802851
10.250000,12.500000,0.802851
10.750000,12.500000,0.802851
11.250000,12.500000,0.802851
11.750000,12.500000,0.802851
12.250000,12.500000,0.802851
12.750000,12.500000,0.802851
13.250000,12.500000,0.802851
13.750000,12.500000,0.802851
14.250000,12.500000,0.802851
14.750000,12.500000,0.802851
15.250000,12.500000,0.802851
15.750000,12.500000,0.802851
6.750000,12.500000,0.872665
6.633022,12.821394,0.872665
6.336824,12.992404,0.872665
6.000000,12.933013,0.872665
5.780154,12.671010,0.872665
5.780154,12.328990,0.872665
6.000000,12.066987,0.872665
6.336824,12.007596,0.872665
6.633022,12.178606,0.872665
6.810000,11.750000,0.872665
6.810000,12.250000,0.872665
6.810000,12.750000,0.872665
6.810000,13.250000,0.872665
7.290000,11.750000,0.872665
7.290000,12.250000,0.872665
7.290000,12.750000,0.872665
7.290000,13.250000,0.872665
7.770000,11.750000,0.872665
7.770000,12.250000,0.872665
7.770000,12.750000,0.872665
7.770000,13.250000,0.872665
8.750000,11.750000,0.872665
8.750000,12.250000,0.872665
8.750000,12.750000,0.872665
8.750000,13.250000,0.872665
9.750000,11.750000,0.872665
9.750000,12.250000,0.872665
9.750000,12.750000,0.872665
9.750000,13.250000,0.872665
10.750000,11.750000,0.872665
10.750000,12.250000,0.872665
10.750000,12.750000,0.872665
10.750000,13.250000,0.872665
12.750000,11.750000,0.872665
12.750000,12.250000,0.872665
12.750000,12.750000,0.872665
12.750000,13.250000,0.872665
15.750000,11.750000,0.872665
15.750000,12.250000,0.872665
15.750000,12.750000,0.872665
15.750000,13.250000,0.872665
6.250000,12.500000,0.872665
6.750000,12.500000,0.872665
7.250000,12.500000,0.872665
7.750000,12.500000,0.872665
8.250000,12.500000,0.872665
8.750000,12.500000,0.872665
9.250000,12.500000,0.872665
9.750000,12.500000,0.872665
10.250000,12.500000,0.872665
10.750000,12.500000,0.872665
11.250000,12.500000,0.872665
11.750000,12.500000,0.872665
12.250000,12.500000,0.872665
12.750000,12.500000,0.872665
13.250000,12.500000,0.872665
13.750000,12.500000,0.872665
14.250000,12.500000,0.872665
14.750000,12.500000,0.872665
15.250000,12.500000,0.872665
15.750000,12.500000,0.872665
6.750000,12.500000,0.942478
6.633022,12.821394,0.942478
6.336824,12.992404,0.942478
6.000000,12.933013,0.942478
5.780154,12.671010,0.942478
5.780154,12.328990,0.942478
6.000000,12.066987,0.942478
6.336824,12.007596,0.942478
6.633022,12.178606,0.942478
6.810000,11.750000,0.942478
6.810000,12.250000,0.942478
6.810000,12.750000,0.942478
6.810000,13.250000,0.942478
7.290000,11.750000,0.942478
7.290000,12.250000,0.942478
7.290000,12.750000,0.942478
7.290000,13.250000,0.942478
7.770000,11.750000,0.942478
7.770000,12.250000,0.942478
7.770000,12.750000,0.942478
7.770000,13.250000,0.942478
8.750000,11.750000,0.942478
8.750000,12.250000,0.942478
8.750000,12.750000,0.942478
8.750000,13.250000,0.942478
9.750000,11.750000,0.942478
9.750000,12.250000,0.942478
9.750000,12.750000,0.942478
9.750000,13.250000,0.942478
10.750000,11.750000,0.942478
10.750000,12.250000,0.942478
10.750000,12.750000,0.942478
10.750000,13.250000,0.942478
12.750000,11.750000,0.942478
12.750000,12.250000,0.942478
12.750000,12.750000,0.942478
12.750000,13.250000,0.942478
15.750000,11.750000,0.942478
15.750000,12.250000,0.942478
15.750000,12.750000,0.942478
15.750000,13.250000,0.942478
6.250000,12.500000,0.942478
6.750000,12.500000,0.942478
7.250000,12.500000,0.942478
7.750000,12.500000,0.942478
8.250000,12.500000,0.942478
8.750000,12.500000,0.942478
9.250000,12.500000,0.942478
9.750000,12.500000,0.942478
10.250000,12.500000,0.942478
10.750000,12.500000,0.942478
11.250000,12.500000,0.942478
11.750000,12.500000,0.942478
12.250000,12.500000,0.942478
12.750000,12.500000,0.942478
13.250000,12.500000,0.942478
13.750000,12.500000,0.942478
14.250000,12.500000,0.942478
14.750000,12.500000,0.942478
15.250000,12.500000,0.942478
15.750000,12.500000,0.942478
6.750000,12.500000,1.012291
6.633022,12.821394,1.012291
6.336824,12.992404,1.012291
6.000000,12.933013,1.012291
5.780154,12.671010,1.012291
5.780154,12.328990,1.012291
6.000000,12.066987,1.012291
6.336824,12.007596,1.012291
6.633022,12.178606,1.012291
6.810000,11.750000,1.012291
6.810000,12.250000,1.012291
6.810000,12.750000,1.012291
6.810000,13.250000,1.012291
7.290000,11.750000,1.012291
7.290000,12.250000,1.012291
7.290000,12.750000,1.012291
7.290000,13.250000,1.012291
7.770000,11.750000,1.012291
7.770000,12.250000,1.012291
7.770000,12.750000,1.012291
7.770000,13.250000,1.012291
8.750000,11.750000,1.012291
8.750000,12.250000,1.012291
8.750000,12.750000,1.012291
8.750000,13.250000,1.012291
9.750000,11.750000,1.012291
9.750000,12.250000,1.012291
9.750000,12.750000,1.012291
9.750000,13.250000,1.012291
10.750000,11.750000,1.012291
10.750000,12.250000,1.012291
10.750000,12.750000,1.012291
10.750000,13.250000,1.012291
12.750000,11.750000,1.012291
12.750000,12.250000,1.012291
12.750000,12.750000,1.012291
12.750000,13.250000,1.012291
15.750000,11.750000,1.012291
15.750000,12.250000,1.012291
15.750000,12.750000,1.012291
15.750000,13.250000,1.012291
6.250000,12.500000,1.012291
6.750000,12.500000,1.012291
7.250000,12.500000,1.012291
7.750000,12.500000,1.012291
8.250000,12.500000,1.012291
8.750000,12.500000,1.012291
9.250000,12.500000,1.012291
9.750000,12.500000,1.012291
10.250000,12.500000,1.012291
10.750000,12.500000,1.012291
11.250000,12.500000,1.012291
11.750000,12.500000,1.012291
12.250000,12.500000,1.012291
12.750000,12.500000,1.012291
13.250000,12.500000,1.012291
13.750000,12.500000,1.012291
14.250000,12.500000,1.012291
14.750000,12.500000,1.012291
15.250000,12.500000,1.012291
15.750000,12.500000,1.012291
6.750000,12.500000,1.082104
6.633022,12.821394,1.082104
6.336824,12.992404,1.082104
6.000000,12.933013,1.082104
5.780154,12.671010,1.082104
5.780154,12.328990,1.082104
6.000000,12.066987,1.082104
6.336824,12.007596,1.082104
6.633022,12.178606,1.082104
6.810000,11.750000,1.082104
6.810000,12.250000,1.082104
6.810000,12.750000,1.082104
6.810000,13.250000,1.082104
7.290000,11.750000,1.082104
7.290000,12.250000,1.082104
7.290000,12.750000,1.082104
7.290000,13.250000,1.082104
7.770000,11.750000,1.082104
7.770000,12.250000,1.082104
7.770000,12.750000,1.082104
7.770000,13.250000,1.082104
8.750000,11.750000,1.082104
8.750000,12.250000,1.082104
8.750000,12.750000,1.082104
8.750000,13.250000,1.082104
9.750000,11.750000,1.082104
9.750000,12.250000,1.082104
9.750000,12.750000,1.082104
9.750000,13.250000,1.082104
10.750000,11.750000,1.082104
10.750000,12.250000,1.082104
10.750000,12.750000,1.082104
10.750000,13.250000,1.082104
12.750000,11.750000,1.082104
12.750000,12.250000,1.082104
12.750000,12.750000,1.082104
12.750000,13.250000,1.082104
15.750000,11.750000,1.082104
15.750000,12.250000,1.082104
15.750000,12.750000,1.082104
15.750000,13.250000,1.082104
6.250000,12.500000,1.082104
6.750000,12.500000,1.082104
7.250000,12.500000,1.082104
7.750000,12.500000,1.082104
8.250000,12.500000,1.082104
8.750000,12.500000,1.082104
9.250000,12.500000,1.082104
9.750000,12.500000,1.082104
10.250000,12.500000,1.082104
10.750000,12.500000,1.082104
11.250000,12.500000,1.082104
11.750000,12.500000,1.082104
12.250000,12.500000,1.082104
12.750000,12.500000,1.082104
13.250000,12.500000,1.082104
13.750000,12.500000,1.082104
14.250000,12.500000,1.082104
14.750000,12.500000,1.082104
15.250000,12.500000,1.082104
15.750000,12.500000,1.082104
6.750000,12.500000,1.151917
6.633022,12.821394,1.151917
6.336824,12.992404,1.151917
6.000000,12.933013,1.151917
5.780154,12.671010,1.151917
5.780154,12.328990,1.151917
6.000000,12.066987,1.151917
6.336824,12.007596,1.151917
6.633022,12.178606,1.151917
6.810000,11.750000,1.151917
6.810000,12.250000,1.151917
6.810000,12.750000,1.151917
6.810000,13.250000,1.151917
7.290000,11.750000,1.151917
7.290000,12.250000,1.151917
7.290000,12.750000,1.151917
7.290000,13.250000,1.151917
7.770000,11.750000,1.151917
7.770000,12.250000,1.151917
7.770000,12.750000,1.151917
7.770000,13.250000,1.151917
8.750000,11.750000,1.151917
8.750000,12.250000,1.151917
8.750000,12.750000,1.151917
8.750000,13.250000,1.151917
9.750000,11.750000,1.151917
9.750000,12.250000,1.151917
9.750000,12.750000,1.151917
9.750000,13.250000,1.151917
10.750000,11.750000,1.151917
10.750000,12.250000,1.151917
10.750000,12.750000,1.151917
10.750000,13.250000,1.151917
12.750000,11.750000,1.151917
12.750000,12.250000,1.151917
12.750000,12.750000,1.151917
12.750000,13.250000,1.151917
15.750000,11.750000,1.151917
15.750000,12.250000,1.151917
15.750000,12.750000,1.151917
15.750000,13.250000,1.151917
6.250000,12.500000,1.151917
6.750000,12.500000,1.151917
7.250000,12.500000,1.151917
7.750000,12.500000,1.151917
8.250000,12.500000,1.151917
8.750000,12.500000,1.151917
9.250000,12.500000,1.151917
9.750000,12.500000,1.151917
10.250000,12.500000,1.151917
10.750000,12.500000,1.151917
11.250000,12.500000,1.151917
11.750000,12.500000,1.151917
12.250000,12.500000,1.151917
12.750000,12.500000,1.151917
13.250000,12.500000,1.151917
13.750000,12.500000,1.151917
14.250000,12.500000,1.151917
14.750000,12.500000,1.151917
15.250000,12.500000,1.151917
15.750000,12.500000,1.151917
6.750000,12.500000,1.221730
6.633022,12.821394,1.221730
6.336824,12.992404,1.221730
6.000000,12.933013,1.221730
5.780154,12.671010,1.221730
5.780154,12.328990,1.221730
6.000000,12.066987,1.221730
6.336824,12.007596,1.221730
6.633022,12.178606,1.221730
6.810000,11.750000,1.221730
6.810000,12.250000,1.221730
6.810000,12.750000,1.221730
6.810000,13.250000,1.221730
7.290000,11.750000,1.221730
7.290000,12.250000,1.221730
7.290000,12.750000,1.221730
7.290000,13.250000,1.221730
7.770000,11.750000,1.221730
7.770000,12.250000,1.221730
7.770000,12.750000,1.221730
7.770000,13.250000,1.221730
8.750000,11.750000,1.221730
8.750000,12.250000,1.221730
8.750000,12.750000,1.221730
8.750000,13.250000,1.221730
9.750000,11.750000,1.221730
9.750000,12.250000,1.221730
9.750000,12.750000,1.221730
9.750000,13.250000,1.221730
10.750000,11.750000,1.221730
10.750000,12.250000,1.221730
10.750000,12.750000,1.221730
10.750000,13.250000,1.221730
12.750000,11.750000,1.221730
12.750000,12.250000,1.221730
12.750000,12.750000,1.221730
12.750000,13.250000,1.221730
15.750000,11.750000,1.221730
15.750000,12.250000,1.221730
15.750000,12.750000,1.221730
15.750000,13.250000,1.221730
6.250000,12.500000,1.221730
6.750000,12.500000,1.221730
7.250000,12.500000,1.221730
7.750000,12.500000,1.221730
8.250000,12.500000,1.221730
8.750000,12.500000,1.221730
9.250000,12.500000,1.221730
9.750000,12.500000,1.221730
10.250000,12.500000,1.221730
10.750000,12.500000,1.221730
11.250000,12.500000,1.221730
11.750000,12.500000,1.221730
12.250000,12.500000,1.221730
12.750000,12.500000,1.221730
13.250000,12.500000,1.221730
13.750000,12.500000,1.221730
14.250000,12.500000,1.221730
14.750000,12.500000,1.221730
15.250000,12.500000,1.221730
15.750000,12.500000,1.221730
6.750000,12.500000,1.291544
6.633022,12.821394,1.291544
6.336824,12.992404,1.291544
6.000000,12.933013,1.291544
5.780154,12.671010,1.291544
5.780154,12.328990,1.291544
6.000000,12.066987,1.291544
6.336824,12.007596,1.291544
6.633022,12.178606,1.291544
6.810000,11.750000,1.291544
6.810000,12.250000,1.291544
6.810000,12.750000,1.291544
6.810000,13.250000,1.291544
7.290000,11.750000,1.291544
7.290000,12.250000,1.291544
7.290000,12.750000,1.291544
7.290000,13.250000,1.291544
7.770000,11.750000,1.291544
7.770000,12.250000,1.291544
7.770000,12.750000,1.291544
7.770000,13.250000,1.291544
8.750000,11.750000,1.291544
8.750000,12.250000,1.291544
8.750000,12.750000,1.291544
8.750000,13.250000,1.291544
9.750000,11.750000,1.291544
9.750000,12.250000,1.291544
9.750000,12.750000,1.291544
9.750000,13.250000,1.291544
10.750000,11.750000,1.291544
10.750000,12.250000,1.291544
10.750000,12.750000,1.291544
10.750000,13.250000,1.291544
12.750000,11.750000,1.291544
12.750000,12.250000,1.291544
12.750000,12.750000,1.291544
12.750000,13.250000,1.291544
15.750000,11.750000,1.291544
15.750000,12.250000,1.291544
15.750000,12.750000,1.291544
15.750000,13.250000,1.291544
6.250000,12.500000,1.291544
6.750000,12.500000,1.291544
7.250000,12.500000,1.291544
7.750000,12.500000,1.291544
8.250000,12.500000,1.291544
8.750000,12.500000,1.291544
9.250000,12.500000,1.291544
9.750000,12.500000,1.291544
10.250000,12.500000,1.291544
10.750000,12.500000,1.291544
11.250000,12.500000,1.291544
11.750000,12.500000,1.291544
12.250000,12.500000,1.291544
12.750000,12.500000,1.291544
13.250000,12.500000,1.291544
13.750000,12.500000,1.291544
14.250000,12.500000,1.291544
14.750000,12.500000,1.291544
15.250000,12.500000,1.291544
15.750000,12.500000,1.291544
6.750000,12.500000,1.361357
6.633022,12.821394,1.361357
6.336824,12.992404,1.361357
6.000000,12.933013,1.361357
5.780154,12.671010,1.361357
5.780154,12.328990,1.361357
6.000000,12.066987,1.361357
6.336824,12.007596,1.361357
6.633022,12.178606,1.361357
6.810000,11.750000,1.361357
6.810000,12.250000,1.361357
6.810000,12.750000,1.361357
6.810000,13.250000,1.361357
7.290000,11.750000,1.361357
7.290000,12.250000,1.361357
7.290000,12.750000,1.361357
7.290000,13.250000,1.361357
7.770000,11.750000,1.361357
7.770000,12.250000,1.361357
7.770000,12.750000,1.361357
7.770000,13.250000,1.361357
8.750000,11.750000,1.361357
8.750000,12.250000,1.361357
8.750000,12.750000,1.361357
8.750000,13.250000,1.361357
9.750000,11.750000,1.361357
9.750000,12.250000,1.361357
9.750000,12.750000,1.361357
9.750000,13.250000,1.361357
10.750000,11.750000,1.361357
10.750000,12.250000,1.361357
10.750000,12.750000,1.361357
10.750000,13.250000,1.361357
12.750000,11.750000,1.361357
12.750000,12.250000,1.361357
12.750000,12.750000,1.361357
12.750000,13.250000,1.361357
15.750000,11.750000,1.361357
15.750000,12.250000,1.361357
15.750000,12.750000,1.361357
15.750000,13.250000,1.361357
6.250000,12.500000,1.361357
6.750000,12.500000,1.361357
7.250000,12.500000,1.361357
7.750000,12.500000,1.361357
8.250000,12.500000,1.361357
8.750000,12.500000,1.361357
9.250000,12.500000,1.361357
9.750000,12.500000,1.361357
10.250000,12.500000,1.361357
10.750000,12.500000,1.361357
11.250000,12.500000,1.361357
11.750000,12.500000,1.361357
12.250000,12.500000,1.361357
12.750000,12.500000,1.361357
13.250000,12.500000,1.361357
13.750000,12.500000,1.361357
14.250000,12.500000,1.361357
14.750000,12.500000,1.361357
15.250000,12.500000,1.361357
15.750000,12.500000,1.361357
6.750000,12.500000,1.431170
6.633022,12.821394,1.431170
6.336824,12.992404,1.431170
6.000000,12.933013,1.431170
5.780154,12.671010,1.431170
5.780154,12.328990,1.431170
6.000000,12.066987,1.431170
6.336824,12.007596,1.431170
6.633022,12.178606,1.431170
6.810000,11.750000,1.431170
6.810000,12.250000,1.431170
6.810000,12.750000,1.431170
6.810000,13.250000,1.431170
7.290000,11.750000,1.431170
7.290000,12.250000,1.431170
7.290000,12.750000,1.431170
7.290000,13.250000,1.431170
7.770000,11.750000,1.431170
7.770000,12.250000,1.431170
7.770000,12.750000,1.431170
7.770000,13.250000,1.431170
8.750000,11.750000,1.431170
8.750000,12.250000,1.431170
8.750000,12.750000,1.431170
8.750000,13.250000,1.431170
9.750000,11.750000,1.431170
9.750000,12.250000,1.431170
9.750000,12.750000,1.431170
9.750000,13.250000,1.431170
10.750000,11.750000,1.431170
10.750000,12.250000,1.431170
10.750000,12.750000,1.431170
10.750000,13.250000,1.431170
12.750000,11.750000,1.431170
12.750000,12.250000,1.431170
12.750000,12.750000,1.431170
12.750000,13.250000,1.431170
15.750000,11.750000,1.431170
15.750000,12.250000,1.431170
15.750000,12.750000,1.431170
15.750000,13.250000,1.431170
6.250000,12.500000,1.431170
6.750000,12.500000,1.431170
7.250000,12.500000,1.431170
7.750000,12.500000,1.431170
8.250000,12.500000,1.431170
8.750000,12.500000,1.431170
9.250000,12.500000,1.431170
9.750000,12.500000,1.431170
10.250000,12.500000,1.431170
10.750000,12.500000,1.431170
11.250000,12.500000,1.431170
11.750000,12.500000,1.431170
12.250000,12.500000,1.431170
12.750000,12.500000,1.431170
13.250000,12.500000,1.431170
13.750000,12.500000,1.431170
14.250000,12.500000,1.431170
14.750000,12.500000,1.431170
15.250000,12.500000,1.431170
15.750000,12.500000,1.431170
6.750000,12.500000,1.500983
6.633022,12.821394,1.500983
6.336824,12.992404,1.500983
6.000000,12.933013,1.500983
5.780154,12.671010,1.500983
5.780154,12.328990,1.500983
6.000000,12.066987,1.500983
6.336824,12.007596,1.500983
6.633022,12.178606,1.500983
6.810000,11.750000,1.500983
6.810000,12.250000,1.500983
6.810000,12.750000,1.500983
6.810000,13.250000,1.500983
7.290000,11.750000,1.500983
7.290000,12.250000,1.500983
7.290000,12.750000,1.500983
7.290000,13.250000,1.500983
7.770000,11.750000,1.500983
7.770000,12.250000,1.500983
7.770000,12.750000,1.500983
7.770000,13.250000,1.500983
8.750000,11.750000,1.500983
8.750000,12.250000,1.500983
8.750000,12.750000,1.500983
8.750000,13.250000,1.500983
9.750000,11.750000,1.500983
9.750000,12.250000,1.500983
9.750000,12.750000,1.500983
9.750000,13.250000,1.500983
10.750000,11.750000,1.500983
10.750000,12.250000,1.500983
10.750000,12.750000,1.500983
10.750000,13.250000,1.500983
12.750000,11.750000,1.500983
12.750000,12.250000,1.500983
12.750000,12.750000,1.500983
12.750000,13.250000,1.500983
15.750000,11.750000,1.500983
15.750000,12.250000,1.500983
15.750000,12.750000,1.500983
15.750000,13.250000,1.500983
6.250000,12.500000,1.500983
6.750000,12.500000,1.500983
7.250000,12.500000,1.500983
7.750000,12.500000,1.500983
8.250000,12.500000,1.500983
8.750000,12.500000,1.500983
9.250000,12.500000,1.500983
9.750000,12.500000,1.500983
10.250000,12.500000,1.500983
10.750000,12.500000,1.500983
11.250000,12.500000,1.500983
11.750000,12.500000,1.500983
12.250000,12.500000,1.500983
12.750000,12.500000,1.500983
13.250000,12.500000,1.500983
13.750000,12.500000,1.500983
14.250000,12.500000,1.500983
14.750000,12.500000,1.500983
15.250000,12.500000,1.500983
15.750000,12.500000,1.500983
6.750000,12.500000,1.570796
6.633022,12.821394,1.570796
6.336824,12.992404,1.570796
6.000000,12.933013,1.570796
5.780154,12.671010,1.570796
5.780154,12.328990,1.570796
6.000000,12.066987,1.570796
6.336824,12.007596,1.570796
6.633022,12.178606,1.570796
6.810000,11.750000,1.570796
6.810000,12.250000,1.570796
6.810000,12.750000,1.570796
6.810000,13.250000,1.570796
7.290000,11.750000,1.570796
7.290000,12.250000,1.570796
7.290000,12.750000,1.570796
7.290000,13.250000,1.570796
7.770000,11.750000,1.570796
7.770000,12.250000,1.570796
7.770000,12.750000,1.570796
7.770000,13.250000,1.570796
8.750000,11.750000,1.570796
8.750000,12.250000,1.570796
8.750000,12.750000,1.570796
8.750000,13.250000,1.570796
9.750000,11.750000,1.570796
9.750000,12.250000,1.570796
9.750000,12.750000,1.570796
9.750000,13.250000,1.570796
10.750000,11.750000,1.570796
10.750000,12.250000,1.570796
10.750000,12.750000,1.570796
10.750000,13.250000,1.570796
12.750000,11.750000,1.570796
12.750000,12.250000,1.570796
12.750000,12.750000,1.570796
12.750000,13.250000,1.570796
15.750000,11.750000,1.570796
15.750000,12.250000,1.570796
15.750000,12.750000,1.570796
15.750000,13.250000,1.570796
6.250000,12.500000,1.570796
6.750000,12.500000,1.570796
7.250000,12.500000,1.570796
7.750000,12.500000,1.570796
8.250000,12.500000,1.570796
8.750000,12.500000,1.570796
9.250000,12.500000,1.570796
9.750000,12.500000,1.570796
10.250000,12.500000,1.570796
10.750000,12.500000,1.570796
11.250000,12.500000,1.570796
11.750000,12.500000,1.570796
12.250000,12.500000,1.570796
12.750000,12.500000,1.570796
13.250000,12.500000,1.570796
13.750000,12.500000,1.570796
14.250000,12.500000,1.570796
14.750000,12.500000,1.570796
15.250000,12.500000,1.570796
15.750000,12.500000,1.570796
6.750000,12.500000,1.640609
6.633022,12.821394,1.640609
6.336824,12.992404,1.640609
6.000000,12.933013,1.640609
5.780154,12.671010,1.640609
5.780154,12.328990,1.640609
6.000000,12.066987,1.640609
6.336824,12.007596,1.640609
6.633022,12.178606,1.640609
6.810000,11.750000,1.640609
6.810000,12.250000,1.640609
6.810000,12.750000,1.640609
6.810000,13.250000,1.640609
7.290000,11.750000,1.640609
7.290000,12.250000,1.640609
7.290000,12.750000,1.640609
7.290000,13.250000,1.640609
7.770000,11.750000,1.640609
7.770000,12.250000,1.640609
7.770000,12.750000,1.640609
7.770000,13.250000,1.640609
8.750000,11.750000,1.640609
8.750000,12.250000,1.640609
8.750000,12.750000,1.640609
8.750000,13.250000,1.640609
9.750000,11.750000,1.640609
9.750000,12.250000,1.640609
9.750000,12.750000,1.640609
9.750000,13.250000,1.640609
10.750000,11.750000,1.640609
10.750000,12.250000,1.640609
10.750000,12.750000,1.640609
10.750000,13.250000,1.640609
12.750000,11.750000,1.640609
12.750000,12.250000,1.640609
12.750000,12.750000,1.640609
12.750000,13.250000,1.640609
15.750000,11.750000,1.640609
15.750000,12.250000,1.640609
15.750000,12.750000,1.640609
15.750000,13.250000,1.640609
6.250000,12.500000,1.640609
6.750000,12.500000,1.640609
7.250000,12.500000,1.640609
7.750000,12.500000,1.640609
8.250000,12.500000,1.640609
8.750000,12.500000,1.640609
9.250000,12.500000,1.640609
9.750000,12.500000,1.640609
10.250000,12.500000,1.640609
10.750000,12.500000,1.640609
11.250000,12.500000,1.640609
11.750000,12.500000,1.640609
12.250000,12.500000,1.640609
12.750000,12.500000,1.640609
13.250000,12.500000,1.640609
13.750000,12.500000,1.640609
14.250000,12.500000,1.640609
14.750000,12.500000,1.640609
15.250000,12.500000,1.640609
15.750000,12.500000,1.640609
6.750000,12.500000,1.710423
6.633022,12.821394,1.710423
6.336824,12.992404,1.710423
6.000000,12.933013,1.710423
5.780154,12.671010,1.710423
5.780154,12.328990,1.710423
6.000000,12.066987,1.710423
6.336824,12.007596,1.710423
6.633022,12.178606,1.710423
6.810000,11.750000,1.710423
6.810000,12.250000,1.710423
6.810000,12.750000,1.710423
6.810000,13.250000,1.710423
7.290000,11.750000,1.710423
7.290000,12.250000,1.710423
7.290000,12.750000,1.710423
7.290000,13.250000,1.710423
7.770000,11.750000,1.710423
7.770000,12.250000,1.710423
7.770000,12.750000,1.710423
7.770000,13.250000,1.710423
8.750000,11.750000,1.710423
8.750000,12.250000,1.710423
8.750000,12.750000,1.710423
8.750000,13.250000,1.710423
9.750000,11.750000,1.710423
9.750000,12.250000,1.710423
9.750000,12.750000,1.710423
9.750000,13.250000,1.710423
10.750000,11.750000,1.710423
10.750000,12.250000,1.710423
10.750000,12.750000,1.710423
10.750000,13.250000,1.710423
12.750000,11.750000,1.710423
12.750000,12.250000,1.710423
12.750000,12.750000,1.710423
12.750000,13.250000,1.710423
15.750000,11.750000,1.710423
15.750000,12.250000,1.710423
15.750000,12.750000,1.710423
15.750000,13.250000,1.710423
6.250000,12.500000,1.710423
6.750000,12.500000,1.710423
7.250000,12.500000,1.710423
7.750000,12.500000,1.710423
8.250000,12.500000,1.710423
8.750000,12.500000,1.710423
9.250000,12.500000,1.710423
9.750000,12.500000,1.710423
10.250000,12.500000,1.710423
10.750000,12.500000,1.710423
11.250000,12.500000,1.710423
11.750000,12.500000,1.710423
12.250000,12.500000,1.710423
12.750000,12.500000,1.710423
13.250000,12.500000,1.710423
13.750000,12.500000,1.710423
14.250000,12.500000,1.710423
14.750000,12.500000,1.710423
15.250000,12.500000,1.710423
15.750000,12.500000,1.710423
6.750000,12.500000,1.780236
6.633022,12.821394,1.780236
6.336824,12.992404,1.780236
6.000000,12.933013,1.780236
5.780154,12.671010,1.780236
5.780154,12.328990,1.780236
6.000000,12.066987,1.780236
6.336824,12.007596,1.780236
6.633022,12.178606,1.780236
6.810000,11.750000,1.780236
6.810000,12.250000,1.780236
6.810000,12.750000,1.780236
6.810000,13.250000,1.780236
7.290000,11.750000,1.780236
7.290000,12.250000,1.780236
7.290000,12.750000,1.780236
7.290000,13.250000,1.780236
7.770000,11.750000,1.780236
7.770000,12.250000,1.780236
7.770000,12.750000,1.780236
7.770000,13.250000,1.780236
8.750000,11.750000,1.780236
8.750000,12.250000,1.780236
8.750000,12.750000,1.780236
8.750000,13.250000,1.780236
9.750000,11.750000,1.780236
9.750000,12.250000,1.780236
9.750000,12.750000,1.780236
9.750000,13.250000,1.780236
10.750000,11.750000,1.780236
10.750000,12.250000,1.780236
10.750000,12.750000,1.780236
10.750000,13.250000,1.780236
12.750000,11.750000,1.780236
12.750000,12.250000,1.780236
12.750000,12.750000,1.780236
12.750000,13.250000,1.780236
15.750000,11.750000,1.780236
15.750000,12.250000,1.780236
15.750000,12.750000,1.780236
15.750000,13.250000,1.780236
6.250000,12.500000,1.780236
6.750000,12.500000,1.780236
7.250000,12.500000,1.780236
7.750000,12.500000,1.780236
8.250000,12.500000,1.780236
8.750000,12.500000,1.780236
9.250000,12.500000,1.780236
9.750000,12.500000,1.780236
10.250000,12.500000,1.780236
10.750000,12.500000,1.780236
11.250000,12.500000,1.780236
11.750000,12.500000,1.780236
12.250000,12.500000,1.780236
12.750000,12.500000,1.780236
13.250000,12.500000,1.780236
13.750000,12.500000,1.780236
14.250000,12.500000,1.780236
14.750000,12.500000,1.780236
15.250000,12.500000,1.780236
15.750000,12.500000,1.780236
6.750000,12.500000,1.850049
6.633022,12.821394,1.850049
6.336824,12.992404,1.850049
6.000000,12.933013,1.850049
5.780154,12.671010,1.850049
5.780154,12.328990,1.850049
6.000000,12.066987,1.850049
6.336824,12.007596,1.850049
6.633022,12.178606,1.850049
6.810000,11.750000,1.850049
6.810000,12.250000,1.850049
6.810000,12.750000,1.850049
6.810000,13.250000,1.850049
7.290000,11.750000,1.850049
7.290000,12.250000,1.850049
7.290000,12.750000,1.850049
7.290000,13.250000,1.850049
7.770000,11.750000,1.850049
7.770000,12.250000,1.850049
7.770000,12.750000,1.850049
7.770000,13.250000,1.850049
8.750000,11.750000,1.850049
8.750000,12.250000,1.850049
8.750000,12.750000,1.850049
8.750000,13.250000,1.850049
9.750000,11.750000,1.850049
9.750000,12.250000,1.850049
9.750000,12.750000,1.850049
9.750000,13.250000,1.850049
10.750000,11.750000,1.850049
10.750000,12.250000,1.850049
10.750000,12.750000,1.850049
10.750000,13.250000,1.850049
12.750000,11.750000,1.850049
12.750000,12.250000,1.850049
12.750000,12.750000,1.850049
12.750000,13.250000,1.850049
15.750000,11.750000,1.850049
15.750000,12.250000,1.850049
15.750000,12.750000,1.850049
15.750000,13.250000,1.850049
6.250000,12.500000,1.850049
6.750000,12.500000,1.850049
7.250000,12.500000,1.850049
7.750000,12.500000,1.850049
8.250000,12.500000,1.850049
8.750000,12.500000,1.850049
9.250000,12.500000,1.850049
9.750000,12.500000,1.850049
10.250000,12.500000,1.850049
10.750000,12.500000,1.850049
11.250000,12.500000,1.850049
11.750000,12.500000,1.850049
12.250000,12.500000,1.850049
12.750000,12.500000,1.850049
13.250000,12.500000,1.850049
13.750000,12.500000,1.850049
14.250000,12.500000,1.850049
14.750000,12.500000,1.850049
15.250000,12.500000,1.850049
15.750000,12.500000,1.850049
6.750000,12.500000,1.919862
6.633022,12.821394,1.919862
6.336824,12.992404,1.919862
6.000000,12.933013,1.919862
5.780154,12.671010,1.919862
5.780154,12.328990,1.919862
6.000000,12.066987,1.919862
6.336824,12.007596,1.919862
6.633022,12.178606,1.919862
6.810000,11.750000,1.919862
6.810000,12.250000,1.919862
6.810000,12.750000,1.919862
6.810000,13.250000,1.919862
7.290000,11.750000,1.919862
7.290000,12.250000,1.919862
7.290000,12.750000,1.919862
7.290000,13.250000,1.919862
7.770000,11.750000,1.919862
7.770000,12.250000,1.919862
7.770000,12.750000,1.919862
7.770000,13.250000,1.919862
8.750000,11.750000,1.919862
8.750000,12.250000,1.919862
8.750000,12.750000,1.919862
8.750000,13.250000,1.919862
9.750000,11.750000,1.919862
9.750000,12.250000,1.919862
9.750000,12.750000,1.919862
9.750000,13.250000,1.919862
10.750000,11.750000,1.919862
10.750000,12.250000,1.919862
10.750000,12.750000,1.919862
10.750000,13.250000,1.919862
12.750000,11.750000,1.919862
12.750000,12.250000,1.919862
12.750000,12.750000,1.919862
12.750000,13.250000,1.919862
15.750000,11.750000,1.919862
15.750000,12.250000,1.919862
15.750000,12.750000,1.919862
15.750000,13.250000,1.919862
6.250000,12.500000,1.919862
6.750000,12.500000,1.919862
7.250000,12.500000,1.919862
7.750000,12.500000,1.919862
8.250000,12.500000,1.919862
8.750000,12.500000,1.919862
9.250000,12.500000,1.919862
9.750000,12.500000,1.919862
10.250000,12.500000,1.919862
10.750000,12.500000,1.919862
11.250000,12.500000,1.919862
11.750000,12.500000,1.919862
12.250000,12.500000,1.919862
12.750000,12.500000,1.919862
13.250000,12.500000,1.919862
13.750000,12.500000,1.919862
14.250000,12.500000,1.919862
14.750000,12.500000,1.919862
15.250000,12.500000,1.919862
15.750000,12.500000,1.919862
6.750000,12.500000,1.989675
6.633022,12.821394,1.989675
6.336824,12.992404,1.989675
6.000000,12.933013,1.989675
5.780154,12.671010,1.989675
5.780154,12.328990,1.989675
6.000000,12.066987,1.989675
6.336824,12.007596,1.989675
6.633022,12.178606,1.989675
6.810000,11.750000,1.989675
6.810000,12.250000,1.989675
6.810000,12.750000,1.989675
6.810000,13.250000,1.989675
7.290000,11.750000,1.989675
7.290000,12.250000,1.989675
7.290000,12.750000,1.989675
7.290000,13.250000,1.989675
7.770000,11.750000,1.989675
7.770000,12.250000,1.989675
7.770000,12.750000,1.989675
7.770000,13.250000,1.989675
8.750000,11.750000,1.989675
8.750000,12.250000,1.989675
8.750000,12.750000,1.989675
8.750000,13.250000,1.989675
9.750000,11.750000,1.989675
9.750000,12.250000,1.989675
9.750000,12.750000,1.989675
9.750000,13.250000,1.989675
10.750000,11.750000,1.989675
10.750000,12.250000,1.989675
10.750000,12.750000,1.989675
10.750000,13.250000,1.989675
12.750000,11.750000,1.989675
12.750000,12.250000,1.989675
12.750000,12.750000,1.989675
12.750000,13.250000,1.989675
15.750000,11.750000,1.989675
15.750000,12.250000,1.989675
15.750000,12.750000,1.989675
15.750000,13.250000,1.989675
6.250000,12.500000,1.989675
6.750000,12.500000,1.989675
7.250000,12.500000,1.989675
7.750000,12.500000,1.989675
8.250000,12.500000,1.989675
8.750000,12.500000,1.989675
9.250000,12.500000,1.989675
9.750000,12.500000,1.989675
10.250000,12.500000,1.989675
10.750000,12.500000,1.989675
11.250000,12.500000,1.989675
11.750000,12.500000,1.989675
12.250000,12.500000,1.989675
12.750000,12.500000,1.989675
13.250000,12.500000,1.989675
13.750000,12.500000,1.989675
14.250000,12.500000,1.989675
14.750000,12.500000,1.989675
15.250000,12.500000,1.989675
15.750000,12.500000,1.989675
6.750000,12.500000,2.059489
6.633022,12.821394,2.059489
6.336824,12.992404,2.059489
6.000000,12.933013,2.059489
5.780154,12.671010,2.059489
5.780154,12.328990,2.059489
6.000000,12.066987,2.059489
6.336824,12.007596,2.059489
6.633022,12.178606,2.059489
6.810000,11.750000,2.059489
6.810000,12.250000,2.059489
6.810000,12.750000,2.059489
6.810000,13.250000,2.059489
7.290000,11.750000,2.059489
7.290000,12.250000,2.059489
7.290000,12.750000,2.059489
7.290000,13.250000,2.059489
7.770000,11.750000,2.059489
7.770000,12.250000,2.059489
7.770000,12.750000,2.059489
7.770000,13.250000,2.059489
8.750000,11.750000,2.059489
8.750000,12.250000,2.059489
8.750000,12.750000,2.059489
8.750000,13.250000,2.059489
9.750000,11.750000,2.059489
9.750000,12.250000,2.059489
9.750000,12.750000,2.059489
9.750000,13.250000,2.059489
10.750000,11.750000,2.059489
10.750000,12.250000,2.059489
10.750000,12.750000,2.059489
10.750000,13.250000,2.059489
12.750000,11.750000,2.059489
12.750000,12.250000,2.059489
12.750000,12.750000,2.059489
12.750000,13.250000,2.059489
15.750000,11.750000,2.059489
15.750000,12.250000,2.059489
15.750000,12.750000,2.059489
15.750000,13.250000,2.059489
6.250000,12.500000,2.059489
6.750000,12.500000,2.059489
7.250000,12.500000,2.059489
7.750000,12.500000,2.059489
8.250000,12.500000,2.059489
8.750000,12.500000,2.059489
9.250000,12.500000,2.059489
9.750000,12.500000,2.059489
10.250000,12.500000,2.059489
10.750000,12.500000,2.059489
11.250000,12.500000,2.059489
11.750000,12.500000,2.059489
12.250000,12.500000,2.059489
12.750000,12.500000,2.059489
13.250000,12.500000,2.059489
13.750000,12.500000,2.059489
14.250000,12.500000,2.059489
14.750000,12.500000,2.059489
15.250000,12.500000,2.059489
15.750000,12.500000,2.059489
6.750000,12.500000,2.129302
6.633022,12.821394,2.129302
6.336824,12.992404,2.129302
6.000000,12.933013,2.129302
5.780154,12.671010,2.129302
5.780154,12.328990,2.129302
6.000000,12.066987,2.129302
6.336824,12.007596,2.129302
6.633022,12.178606,2.129302
6.810000,11.750000,2.129302
6.810000,12.250000,2.129302
6.810000,12.750000,2.129302
6.810000,13.250000,2.129302
7.290000,11.750000,2.129302
7.290000,12.250000,2.129302
7.290000,12.750000,2.129302
7.290000,13.250000,2.129302
7.770000,11.750000,2.129302
7.770000,12.250000,2.129302
7.770000,12.750000,2.129302
7.770000,13.250000,2.129302
8.750000,11.750000,2.129302
8.750000,12.250000,2.129302
8.750000,12.750000,2.129302
8.750000,13.250000,2.129302
9.750000,11.750000,2.129302
9.750000,12.250000,2.129302
9.750000,12.750000,2.129302
9.750000,13.250000,2.129302
10.750000,11.750000,2.129302
10.750000,12.250000,2.129302
10.750000,12.750000,2.129302
10.750000,13.250000,2.129302
12.750000,11.750000,2.129302
12.750000,12.250000,2.129302
12.750000,12.750000,2.129302
12.750000,13.250000,2.129302
15.750000,11.750000,2.129302
15.750000,12.250000,2.129302
15.750000,12.750000,2.129302
15.750000,13.250000,2.129302
6.250000,12.500000,2.129302
6.750000,12.500000,2.129302
7.250000,12.500000,2.129302
7.750000,12.500000,2.129302
8.250000,12.500000,2.129302
8.750000,12.500000,2.129302
9.250000,12.500000,2.129302
9.750000,12.500000,2.129302
10.250000,12.500000,2.129302
10.750000,12.500000,2.129302
11.250000,12.500000,2.129302
11.750000,12.500000,2.129302
12.250000,12.500000,2.129302
12.750000,12.500000,2.129302
13.250000,12.500000,2.129302
13.750000,12.500000,2.129302
14.250000,12.500000,2.129302
14.750000,12.500000,2.129302
15.250000,12.500000,2.129302
15.750000,12.500000,2.129302
6.750000,12.500000,2.199115
6.633022,12.821394,2.199115
6.336824,12.992404,2.199115
6.000000,12.933013,2.199115
5.780154,12.671010,2.199115
5.780154,12.328990,2.199115
6.000000,12.066987,2.199115
6.336824,12.007596,2.199115
6.633022,12.178606,2.199115
6.810000,11.750000,2.199115
6.810000,12.250000,2.199115
6.810000,12.750000,2.199115
6.810000,13.250000,2.199115
7.290000,11.750000,2.199115
7.290000,12.250000,2.199115
7.290000,12.750000,2.199115
7.290000,13.250000,2.199115
7.770000,11.750000,2.199115
7.770000,12.250000,2.199115
7.770000,12.750000,2.199115
7.770000,13.250000,2.199115
8.750000,11.750000,2.199115
8.750000,12.250000,2.199115
8.750000,12.750000,2.199115
8.750000,13.250000,2.199115
9.750000,11.750000,2.199115
9.750000,12.250000,2.199115
9.750000,12.750000,2.199115
9.750000,13.250000,2.199115
10.750000,11.750000,2.199115
10.750000,12.250000,2.199115
10.750000,12.750000,2.199115
10.750000,13.250000,2.199115
12.750000,11.750000,2.199115
12.750000,12.250000,2.199115
12.750000,12.750000,2.199115
12.750000,13.250000,2.199115
15.750000,11.750000,2.199115
15.750000,12.250000,2.199115
15.750000,12.750000,2.199115
15.750000,13.250000,2.199115
6.250000,12.500000,2.199115
6.750000,12.500000,2.199115
7.250000,12.500000,2.199115
7.750000,12.500000,2.199115
8.250000,12.500000,2.199115
8.750000,12.500000,2.199115
9.250000,12.500000,2.199115
9.750000,12.500000,2.199115
10.250000,12.500000,2.199115
10.750000,12.500000,2.199115
11.250000,12.500000,2.199115
11.750000,12.500000,2.199115
12.250000,12.500000,2.199115
12.750000,12.500000,2.199115
13.250000,12.500000,2.199115
13.750000,12.500000,2.199115
14.250000,12.500000,2.199115
14.750000,12.500000,2.199115
15.250000,12.500000,2.199115
15.750000,12.500000,2.199115
6.750000,12.500000,2.268928
6.633022,12.821394,2.268928
6.336824,12.992404,2.268928
6.000000,12.933013,2.268928
5.780154,12.671010,2.268928
5.780154,12.328990,2.268928
6.000000,12.066987,2.268928
6.336824,12.007596,2.268928
6.633022,12.178606,2.268928
6.810000,11.750000,2.268928
6.810000,12.250000,2.268928
6.810000,12.750000,2.268928
6.810000,13.250000,2.268928
7.290000,11.750000,2.268928
7.290000,12.250000,2.268928
7.290000,12.750000,2.268928
7.290000,13.250000,2.268928
7.770000,11.750000,2.268928
7.770000,12.250000,2.268928
7.770000,12.750000,2.268928
7.770000,13.250000,2.268928
8.750000,11.750000,2.268928
8.750000,12.250000,2.268928
8.750000,12.750000,2.268928
8.750000,13.250000,2.268928
9.750000,11.750000,2.268928
9.750000,12.250000,2.268928
9.750000,12.750000,2.268928
9.750000,13.250000,2.268928
10.750000,11.750000,2.268928
10.750000,12.250000,2.268928
10.750000,12.750000,2.268928
10.750000,13.250000,2.268928
12.750000,11.750000,2.268928
12.750000,12.250000,2.268928
12.750000,12.750000,2.268928
12.750000,13.250000,2.268928
15.750000,11.750000,2.268928
15.750000,12.250000,2.268928
15.750000,12.750000,2.268928
15.750000,13.250000,2.268928
6.250000,12.500000,2.268928
6.750000,12.500000,2.268928
7.250000,12.500000,2.268928
7.750000,12.500000,2.268928
8.250000,12.500000,2.268928
8.750000,12.500000,2.268928
9.250000,12.500000,2.268928
9.750000,12.500000,2.268928
10.250000,12.500000,2.268928
10.750000,12.500000,2.268928
11.250000,12.500000,2.268928
11.750000,12.500000,2.268928
12.250000,12.500000,2.268928
12.750000,12.500000,2.268928
13.250000,12.500000,2.268928
13.750000,12.500000,2.268928
14.250000,12.500000,2.268928
14.750000,12.500000,2.268928
15.250000,12.500000,2.268928
15.750000,12.500000,2.268928
6.750000,12.500000,2.338741
6.633022,12.821394,2.338741
6.336824,12.992404,2.338741
6.000000,12.933013,2.338741
5.780154,12.671010,2.338741
5.780154,12.328990,2.338741
6.000000,12.066987,2.338741
6.336824,12.007596,2.338741
6.633022,12.178606,2.338741
6.810000,11.750000,2.338741
6.810000,12.250000,2.338741
6.810000,12.750000,2.338741
6.810000,13.250000,2.338741
7.290000,11.750000,2.338741
7.290000,12.250000,2.338741
7.290000,12.750000,2.338741
7.290000,13.250000,2.338741
7.770000,11.750000,2.338741
7.770000,12.250000,2.338741
7.770000,12.750000,2.338741
7.770000,13.250000,2.338741
8.750000,11.750000,2.338741
8.750000,12.250000,2.338741
8.750000,12.750000,2.338741
8.750000,13.250000,2.338741
9.750000,11.750000,2.338741
9.750000,12.250000,2.338741
9.750000,12.750000,2.338741
9.750000,13.250000,2.338741
10.750000,11.750000,2.338741
10.750000,12.250000,2.338741
10.750000,12.750000,2.338741
10.750000,13.250000,2.338741
12.750000,11.750000,2.338741
12.750000,12.250000,2.338741
12.750000,12.750000,2.338741
12.750000,13.250000,2.338741
15.750000,11.750000,2.338741
15.750000,12.250000,2.338741
15.750000,12.750000,2.338741
15.750000,13.250000,2.338741
6.250000,12.500000,2.338741
6.750000,12.500000,2.338741
7.250000,12.500000,2.338741
7.750000,12.500000,2.338741
8.250000,12.500000,2.338741
8.750000,12.500000,2.338741
9.250000,12.500000,2.338741
9.750000,12.500000,2.338741
10.250000,12.500000,2.338741
10.750000,12.500000,2.338741
11.250000,12.500000,2.338741
11.750000,12.500000,2.338741
12.250000,12.500000,2.338741
12.750000,12.500000,2.338741
13.250000,12.500000,2.338741
13.750000,12.500000,2.338741
14.250000,12.500000,2.338741
14.750000,12.500000,2.338741
15.250000,12.500000,2.338741
15.750000,12.500000,2.338741
6.750000,12.500000,2.408554
6.633022,12.821394,2.408554
6.336824,12.992404,2.408554
6.000000,12.933013,2.408554
5.780154,12.671010,2.408554
5.780154,12.328990,2.408554
6.000000,12.066987,2.408554
6.336824,12.007596,2.408554
6.633022,12.178606,2.408554
6.810000,11.750000,2.408554
6.810000,12.250000,2.408554
6.810000,12.750000,2.408554
6.810000,13.250000,2.408554
7.290000,11.750000,2.408554
7.290000,12.250000,2.408554
7.290000,12.750000,2.408554
7.290000,13.250000,2.408554
7.770000,11.750000,2.408554
7.770000,12.250000,2.408554
7.770000,12.750000,2.408554
7.770000,13.250000,2.408554
8.750000,11.750000,2.408554
8.750000,12.250000,2.408554
8.750000,12.750000,2.408554
8.750000,13.250000,2.408554
9.750000,11.750000,2.408554
9.750000,12.250000,2.408554
9.750000,12.750000,2.408554
9.750000,13.250000,2.408554
10.750000,11.750000,2.408554
10.750000,12.250000,2.408554
10.750000,12.750000,2.408554
10.750000,13.250000,2.408554
12.750000,11.750000,2.408554
12.750000,12.250000,2.408554
12.750000,12.750000,2.408554
12.750000,13.250000,2.408554
15.750000,11.750000,2.408554
15.750000,12.250000,2.408554
15.750000,12.750000,2.408554
15.750000,13.250000,2.408554
6.250000,12.500000,2.408554
6.750000,12.500000,2.408554
7.250000,12.500000,2.408554
7.750000,12.500000,2.408554
8.250000,12.500000,2.408554
8.750000,12.500000,2.408554
9.250000,12.500000,2.408554
9.750000,12.500000,2.408554
10.250000,12.500000,2.408554
10.750000,12.500000,2.408554
11.250000,12.500000,2.408554
11.750000,12.500000,2.408554
12.250000,12.500000,2.408554
12.750000,12.500000,2.408554
13.250000,12.500000,2.408554
13.750000,12.500000,2.408554
14.250000,12.500000,2.408554
14.750000,12.500000,2.408554
15.250000,12.500000,2.408554
15.750000,12.500000,2.408554
6.750000,12.500000,2.478368
6.633022,12.821394,2.478368
6.336824,12.992404,2.478368
6.000000,12.933013,2.478368
5.780154,12.671010,2.478368
5.780154,12.328990,2.478368
6.000000,12.066987,2.478368
6.336824,12.007596,2.478368
6.633022,12.178606,2.478368
6.810000,11.750000,2.478368
6.810000,12.250000,2.478368
6.810000,12.750000,2.478368
6.810000,13.250000,2.478368
7.290000,11.750000,2.478368
7.290000,12.250000,2.478368
7.290000,12.750000,2.478368
7.290000,13.250000,2.478368
7.770000,11.750000,2.478368
7.770000,12.250000,2.478368
7.770000,12.750000,2.478368
7.770000,13.250000,2.478368
8.750000,11.750000,2.478368
8.750000,12.250000,2.478368
8.750000,12.750000,2.478368
8.750000,13.250000,2.478368
9.750000,11.750000,2.478368
9.750000,12.250000,2.478368
9.750000,12.750000,2.478368
9.750000,13.250000,2.478368
10.750000,11.750000,2.478368
10.750000,12.250000,2.478368
10.750000,12.750000,2.478368
10.750000,13.250000,2.478368
12.750000,11.750000,2.478368
12.750000,12.250000,2.478368
12.750000,12.750000,2.478368
12.750000,13.250000,2.478368
15.750000,11.750000,2.478368
15.750000,12.250000,2.478368
15.750000,12.750000,2.478368
15.750000,13.250000,2.478368
6.250000,12.500000,2.478368
6.750000,12.500000,2.478368
7.250000,12.500000,2.478368
7.750000,12.500000,2.478368
8.250000,12.500000,2.478368
8.750000,12.500000,2.478368
9.250000,12.500000,2.478368
9.750000,12.500000,2.478368
10.250000,12.500000,2.478368
10.750000,12.500000,2.478368
11.250000,12.500000,2.478368
11.750000,12.500000,2.478368
12.250000,12.500000,2.478368
12.750000,12.500000,2.478368
13.250000,12.500000,2.478368
13.750000,12.500000,2.478368
14.250000,12.500000,2.478368
14.750000,12.500000,2.478368
15.250000,12.500000,2.478368
15.750000,12.500000,2.478368
6.750000,12.500000,2.548181
6.633022,12.821394,2.548181
6.336824,12.992404,2.548181
6.000000,12.933013,2.548181
5.780154,12.671010,2.548181
5.780154,12.328990,2.548181
6.000000,12.066987,2.548181
6.336824,12.007596,2.548181
6.633022,12.178606,2.548181
6.810000,11.750000,2.548181
6.810000,12.250000,2.548181
6.810000,12.750000,2.548181
6.810000,13.250000,2.548181
7.290000,11.750000,2.548181
7.290000,12.250000,2.548181
7.290000,12.750000,2.548181
7.290000,13.250000,2.548181
7.770000,11.750000,2.548181
7.770000,12.250000,2.548181
7.770000,12.750000,2.548181
7.770000,13.250000,2.548181
8.750000,11.750000,2.548181
8.750000,12.250000,2.548181
8.750000,12.750000,2.548181
8.750000,13.250000,2.548181
9.750000,11.750000,2.548181
9.750000,12.250000,2.548181
9.750000,12.750000,2.548181
9.750000,13.250000,2.548181
10.750000,11.750000,2.548181
10.750000,12.250000,2.548181
10.750000,12.750000,2.548181
10.750000,13.250000,2.548181
12.750000,11.750000,2.548181
12.750000,12.250000,2.548181
12.750000,12.750000,2.548181
12.750000,13.250000,2.548181
15.750000,11.750000,2.548181
15.750000,12.250000,2.548181
15.750000,12.750000,2.548181
15.750000,13.250000,2.548181
6.250000,12.500000,2.548181
6.750000,12.500000,2.548181
7.250000,12.500000,2.548181
7.750000,12.500000,2.548181
8.250000,12.500000,2.548181
8.750000,12.500000,2.548181
9.250000,12.500000,2.548181
9.750000,12.500000,2.548181
10.250000,12.500000,2.548181
10.750000,12.500000,2.548181
11.250000,12.500000,2.548181
11.750000,12.500000,2.548181
12.250000,12.500000,2.548181
12.750000,12.500000,2.548181
13.250000,12.500000,2.548181
13.750000,12.500000,2.548181
14.250000,12.500000,2.548181
14.750000,12.500000,2.548181
15.250000,12.500000,2.548181
15.750000,12.500000,2.548181
6.750000,12.500000,2.617994
6.633022,12.821394,2.617994
6.336824,12.992404,2.617994
6.000000,12.933013,2.617994
5.780154,12.671010,2.617994
5.780154,12.328990,2.617994
6.000000,12.066987,2.617994
6.336824,12.007596,2.617994
6.633022,12.178606,2.617994
6.810000,11.750000,2.617994
6.810000,12.250000,2.617994
6.810000,12.750000,2.617994
6.810000,13.250000,2.617994
7.290000,11.750000,2.617994
7.290000,12.250000,2.617994
7.290000,12.750000,2.617994
7.290000,13.250000,2.617994
7.770000,11.750000,2.617994
7.770000,12.250000,2.617994
7.770000,12.750000,2.617994
7.770000,13.250000,2.617994
8.750000,11.750000,2.617994
8.750000,12.250000,2.617994
8.750000,12.750000,2.617994
8.750000,13.250000,2.617994
9.750000,11.750000,2.617994
9.750000,12.250000,2.617994
9.750000,12.750000,2.617994
9.750000,13.250000,2.617994
10.750000,11.750000,2.617994
10.750000,12.250000,2.617994
10.750000,12.750000,2.617994
10.750000,13.250000,2.617994
12.750000,11.750000,2.617994
12.750000,12.250000,2.617994
12.750000,12.750000,2.617994
12.750000,13.250000,2.617994
15.750000,11.750000,2.617994
15.750000,12.250000,2.617994
15.750000,12.750000,2.617994
15.750000,13.250000,2.617994
6.250000,12.500000,2.617994
6.750000,12.500000,2.617994
7.250000,12.500000,2.617994
7.750000,12.500000,2.617994
8.250000,12.500000,2.617994
8.750000,12.500000,2.617994
9.250000,12.500000,2.617994
9.750000,12.500000,2.617994
10.250000,12.500000,2.617994
10.750000,12.500000,2.617994
11.250000,12.500000,2.617994
11.750000,12.500000,2.617994
12.250000,12.500000,2.617994
12.750000,12.500000,2.617994
13.250000,12.500000,2.617994
13.750000,12.500000,2.617994
14.250000,12.500000,2.617994
14.750000,12.500000,2.617994
15.250000,12.500000,2.617994
15.750000,12.500000,2.617994
6.750000,12.500000,2.687807
6.633022,12.821394,2.687807
6.336824,12.992404,2.687807
6.000000,12.933013,2.687807
5.780154,12.671010,2.687807
5.780154,12.328990,2.687807
6.000000,12.066987,2.687807
6.336824,12.007596,2.687807
6.633022,12.178606,2.687807
6.810000,11.750000,2.687807
6.810000,12.250000,2.687807
6.810000,12.750000,2.687807
6.810000,13.250000,2.687807
7.290000,11.750000,2.687807
7.290000,12.250000,2.687807
7.290000,12.750000,2.687807
7.290000,13.250000,2.687807
7.770000,11.750000,2.687807
7.770000,12.250000,2.687807
7.770000,12.750000,2.687807
7.770000,13.250000,2.687807
8.750000,11.750000,2.687807
8.750000,12.250000,2.687807
8.750000,12.750000,2.687807
8.750000,13.250000,2.687807
9.750000,11.750000,2.687807
9.750000,12.250000,2.687807
9.750000,12.750000,2.687807
9.750000,13.250000,2.687807
10.750000,11.750000,2.687807
10.750000,12.250000,2.687807
10.750000,12.750000,2.687807
10.750000,13.250000,2.687807
12.750000,11.750000,2.687807
12.750000,12.250000,2.687807
12.750000,12.750000,2.687807
12.750000,13.250000,2.687807
15.750000,11.750000,2.687807
15.750000,12.250000,2.687807
15.750000,12.750000,2.687807
15.750000,13.250000,2.687807
6.250000,12.500000,2.687807
6.750000,12.500000,2.687807
7.250000,12.500000,2.687807
7.750000,12.500000,2.687807
8.250000,12.500000,2.687807
8.750000,12.500000,2.687807
9.250000,12.500000,2.687807
9.750000,12.500000,2.687807
10.250000,12.500000,2.687807
10.750000,12.500000,2.687807
11.250000,12.500000,2.687807
11.750000,12.500000,2.687807
12.250000,12.500000,2.687807
12.750000,12.500000,2.687807
13.250000,12.500000,2.687807
13.750000,12.500000,2.687807
14.250000,12.500000,2.687807
14.750000,12.500000,2.687807
15.250000,12.500000,2.687807
15.750000,12.500000,2.687807
6.750000,12.500000,2.757620
6.633022,12.821394,2.757620
6.336824,12.992404,2.757620
6.000000,12.933013,2.757620
5.780154,12.671010,2.757620
5.780154,12.328990,2.757620
6.000000,12.066987,2.757620
6.336824,12.007596,2.757620
6.633022,12.178606,2.757620
6.810000,11.750000,2.757620
6.810000,12.250000,2.757620
6.810000,12.750000,2.757620
6.810000,13.250000,2.757620
7.290000,11.750000,2.757620
7.290000,12.250000,2.757620
7.290000,12.750000,2.757620
7.290000,13.250000,2.757620
7.770000,11.750000,2.757620
7.770000,12.250000,2.757620
7.770000,12.750000,2.757620
7.770000,13.250000,2.757620
8.750000,11.750000,2.757620
8.750000,12.250000,2.757620
8.750000,12.750000,2.757620
8.750000,13.250000,2.757620
9.750000,11.750000,2.757620
9.750000,12.250000,2.757620
9.750000,12.750000,2.757620
9.750000,13.250000,2.757620
10.750000,11.750000,2.757620
10.750000,12.250000,2.757620
10.750000,12.750000,2.757620
10.750000,13.250000,2.757620
12.750000,11.750000,2.757620
12.750000,12.250000,2.757620
12.750000,12.750000,2.757620
12.750000,13.250000,2.757620
15.750000,11.750000,2.757620
15.750000,12.250000,2.757620
15.750000,12.750000,2.757620
15.750000,13.250000,2.757620
6.250000,12.500000,2.757620
6.750000,12.500000,2.757620
7.250000,12.500000,2.757620
7.750000,12.500000,2.757620
8.250000,12.500000,2.757620
8.750000,12.500000,2.757620
9.250000,12.500000,2.757620
9.750000,12.500000,2.757620
10.250000,12.500000,2.757620
10.750000,12.500000,2.757620
11.250000,12.500000,2.757620
11.750000,12.500000,2.757620
12.250000,12.500000,2.757620
12.750000,12.500000,2.757620
13.250000,12.500000,2.757620
13.750000,12.500000,2.757620
14.250000,12.500000,2.757620
14.750000,12.500000,2.757620
15.250000,12.500000,2.757620
15.750000,12.500000,2.757620
6.750000,12.500000,2.827433
6.633022,12.821394,2.827433
6.336824,12.992404,2.827433
6.000000,12.933013,2.827433
5.780154,12.671010,2.827433
5.780154,12.328990,2.827433
6.000000,12.066987,2.827433
6.336824,12.007596,2.827433
6.633022,12.178606,2.827433
6.810000,11.750000,2.827433
6.810000,12.250000,2.827433
6.810000,12.750000,2.827433
6.810000,13.250000,2.827433
7.290000,11.750000,2.827433
7.290000,12.250000,2.827433
7.290000,12.750000,2.827433
7.290000,13.250000,2.827433
7.770000,11.750000,2.827433
7.770000,12.250000,2.827433
7.770000,12.750000,2.827433
7.770000,13.250000,2.827433
8.750000,11.750000,2.827433
8.750000,12.250000,2.827433
8.750000,12.750000,2.827433
8.750000,13.250000,2.827433
9.750000,11.750000,2.827433
9.750000,12.250000,2.827433
9.750000,12.750000,2.827433
9.750000,13.250000,2.827433
10.750000,11.750000,2.827433
10.750000,12.250000,2.827433
10.750000,12.750000,2.827433
10.750000,13.250000,2.827433
12.750000,11.750000,2.827433
12.750000,12.250000,2.827433
12.750000,12.750000,2.827433
12.750000,13.250000,2.827433
15.750000,11.750000,2.827433
15.750000,12.250000,2.827433
15.750000,12.750000,2.827433
15.750000,13.250000,2.827433
6.250000,12.500000,2.827433
6.750000,12.500000,2.827433
7.250000,12.500000,2.827433
7.750000,12.500000,2.827433
8.250000,12.500000,2.827433
8.750000,12.500000,2.827433
9.250000,12.500000,2.827433
9.750000,12.500000,2.827433
10.250000,12.500000,2.827433
10.750000,12.500000,2.827433
11.250000,12.500000,2.827433
11.750000,12.500000,2.827433
12.250000,12.500000,2.827433
12.750000,12.500000,2.827433
13.250000,12.500000,2.827433
13.750000,12.500000,2.827433
14.250000,12.500000,2.827433
14.750000,12.500000,2.827433
15.250000,12.500000,2.827433
15.750000,12.500000,2.827433
6.750000,12.500000,2.897247
6.633022,12.821394,2.897247
6.336824,12.992404,2.897247
6.000000,12.933013,2.897247
5.780154,12.671010,2.897247
5.780154,12.328990,2.897247
6.000000,12.066987,2.897247
6.336824,12.007596,2.897247
6.633022,12.178606,2.897247
6.810000,11.750000,2.897247
6.810000,12.250000,2.897247
6.810000,12.750000,2.897247
6.810000,13.250000,2.897247
7.290000,11.750000,2.897247
7.290000,12.250000,2.897247
7.290000,12.750000,2.897247
7.290000,13.250000,2.897247
7.770000,11.750000,2.897247
7.770000,12.250000,2.897247
7.770000,12.750000,2.897247
7.770000,13.250000,2.897247
8.750000,11.750000,2.897247
8.750000,12.250000,2.897247
8.750000,12.750000,2.897247
8.750000,13.250000,2.897247
9.750000,11.750000,2.897247
9.750000,12.250000,2.897247
9.750000,12.750000,2.897247
9.750000,13.250000,2.897247
10.750000,11.750000,2.897247
10.750000,12.250000,2.897247
10.750000,12.750000,2.897247
10.750000,13.250000,2.897247
12.750000,11.750000,2.897247
12.750000,12.250000,2.897247
12.750000,12.750000,2.897247
12.750000,13.250000,2.897247
15.750000,11.750000,2.897247
15.750000,12.250000,2.897247
15.750000,12.750000,2.897247
15.750000,13.250000,2.897247
6.250000,12.500000,2.897247
6.750000,12.500000,2.897247
7.250000,12.500000,2.897247
7.750000,12.500000,2.897247
8.250000,12.500000,2.897247
8.750000,12.500000,2.897247
9.250000,12.500000,2.897247
9.750000,12.500000,2.897247
10.250000,12.500000,2.897247
10.750000,12.500000,2.897247
11.250000,12.500000,2.897247
11.750000,12.500000,2.897247
12.250000,12.500000,2.897247
12.750000,12.500000,2.897247
13.250000,12.500000,2.897247
13.750000,12.500000,2.897247
14.250000,12.500000,2.897247
14.750000,12.500000,2.897247
15.250000,12.500000,2.897247
15.750000,12.500000,2.897247
6.750000,12.500000,2.967060
6.633022,12.821394,2.967060
6.336824,12.992404,2.967060
6.000000,12.933013,2.967060
5.780154,12.671010,2.967060
5.780154,12.328990,2.967060
6.000000,12.066987,2.967060
6.336824,12.007596,2.967060
6.633022,12.178606,2.967060
6.810000,11.750000,2.967060
6.810000,12.250000,2.967060
6.810000,12.750000,2.967060
6.810000,13.250000,2.967060
7.290000,11.750000,2.967060
7.290000,12.250000,2.967060
7.290000,12.750000,2.967060
7.290000,13.250000,2.967060
7.770000,11.750000,2.967060
7.770000,12.250000,2.967060
7.770000,12.750000,2.967060
7.770000,13.250000,2.967060
8.750000,11.750000,2.967060
8.750000,12.250000,2.967060
8.750000,12.750000,2.967060
8.750000,13.250000,2.967060
9.750000,11.750000,2.967060
9.750000,12.250000,2.967060
9.750000,12.750000,2.967060
9.750000,13.250000,2.967060
10.750000,11.750000,2.967060
10.750000,12.250000,2.967060
10.750000,12.750000,2.967060
10.750000,13.250000,2.967060
12.750000,11.750000,2.967060
12.750000,12.250000,2.967060
12.750000,12.750000,2.967060
12.750000,13.250000,2.967060
15.750000,11.750000,2.967060
15.750000,12.250000,2.967060
15.750000,12.750000,2.967060
15.750000,13.250000,2.967060
6.250000,12.500000,2.967060
6.750000,12.500000,2.967060
7.250000,12.500000,2.967060
7.750000,12.500000,2.967060
8.250000,12.500000,2.967060
8.750000,12.500000,2.967060
9.250000,12.500000,2.967060
9.750000,12.500000,2.967060
10.250000,12.500000,2.967060
10.750000,12.500000,2.967060
11.250000,12.500000,2.967060
11.750000,12.500000,2.967060
12.250000,12.500000,2.967060
12.750000,12.500000,2.967060
13.250000,12.500000,2.967060
13.750000,12.500000,2.967060
14.250000,12.500000,2.967060
14.750000,12.500000,2.967060
15.250000,12.500000,2.967060
15.750000,12.500000,2.967060
6.750000,12.500000,3.036873
6.633022,12.821394,3.036873
6.336824,12.992404,3.036873
6.000000,12.933013,3.036873
5.780154,12.671010,3.036873
5.780154,12.328990,3.036873
6.000000,12.066987,3.036873
6.336824,12.007596,3.036873
6.633022,12.178606,3.036873
6.810000,11.750000,3.036873
6.810000,12.250000,3.036873
6.810000,12.750000,3.036873
6.810000,13.250000,3.036873
7.290000,11.750000,3.036873
7.290000,12.250000,3.036873
7.290000,12.750000,3.036873
7.290000,13.250000,3.036873
7.770000,11.750000,3.036873
7.770000,12.250000,3.036873
7.770000,12.750000,3.036873
7.770000,13.250000,3.036873
8.750000,11.750000,3.036873
8.750000,12.250000,3.036873
8.750000,12.750000,3.036873
8.750000,13.250000,3.036873
9.750000,11.750000,3.036873
9.750000,12.250000,3.036873
9.750000,12.750000,3.036873
9.750000,13.250000,3.036873
10.750000,11.750000,3.036873
10.750000,12.250000,3.036873
10.750000,12.750000,3.036873
10.750000,13.250000,3.036873
12.750000,11.750000,3.036873
12.750000,12.250000,3.036873
12.750000,12.750000,3.036873
12.750000,13.250000,3.036873
15.750000,11.750000,3.036873
15.750000,12.250000,3.036873
15.750000,12.750000,3.036873
15.750000,13.250000,3.036873
6.250000,12.500000,3.036873
6.750000,12.500000,3.036873
7.250000,12.500000,3.036873
7.750000,12.500000,3.036873
8.250000,12.500000,3.036873
8.750000,12.500000,3.036873
9.250000,12.500000,3.036873
9.750000,12.500000,3.036873
10.250000,12.500000,3.036873
10.750000,12.500000,3.036873
11.250000,12.500000,3.036873
11.750000,12.500000,3.036873
12.250000,12.500000,3.036873
12.750000,12.500000,3.036873
13.250000,12.500000,3.036873
13.750000,12.500000,3.036873
14.250000,12.500000,3.036873
14.750000,12.500000,3.036873
15.250000,12.500000,3.036873
15.750000,12.500000,3.036873
6.750000,12.500000,3.106686
6.633022,12.821394,3.106686
6.336824,12.992404,3.106686
6.000000,12.933013,3.106686
5.780154,12.671010,3.106686
5.780154,12.328990,3.106686
6.000000,12.066987,3.106686
6.336824,12.007596,3.106686
6.633022,12.178606,3.106686
6.810000,11.750000,3.106686
6.810000,12.250000,3.106686
6.810000,12.750000,3.106686
6.810000,13.250000,3.106686
7.290000,11.750000,3.106686
7.290000,12.250000,3.106686
7.290000,12.750000,3.106686
7.290000,13.250000,3.106686
7.770000,11.750000,3.106686
7.770000,12.250000,3.106686
7.770000,12.750000,3.106686
7.770000,13.250000,3.106686
8.750000,11.750000,3.106686
8.750000,12.250000,3.106686
8.750000,12.750000,3.106686
8.750000,13.250000,3.106686
9.750000,11.750000,3.106686
9.750000,12.250000,3.106686
9.750000,12.750000,3.106686
9.750000,13.250000,3.106686
10.750000,11.750000,3.106686
10.750000,12.250000,3.106686
10.750000,12.750000,3.106686
10.750000,13.250000,3.106686
12.750000,11.750000,3.106686
12.750000,12.250000,3.106686
12.750000,12.750000,3.106686
12.750000,13.250000,3.106686
15.750000,11.750000,3.106686
15.750000,12.250000,3.106686
15.750000,12.750000,3.106686
15.750000,13.250000,3.106686
6.250000,12.500000,3.106686
6.750000,12.500000,3.106686
7.250000,12.500000,3.106686
7.750000,12.500000,3.106686
8.250000,12.500000,3.106686
8.750000,12.500000,3.106686
9.250000,12.500000,3.106686
9.750000,12.500000,3.106686
10.250000,12.500000,3.106686
10.750000,12.500000,3.106686
11.250000,12.500000,3.106686
11.750000,12.500000,3.106686
12.250000,12.500000,3.106686
12.750000,12.500000,3.106686
13.250000,12.500000,3.106686
13.750000,12.500000,3.106686
14.250000,12.500000,3.106686
14.750000,12.500000,3.106686
15.250000,12.500000,3.106686
15.750000,12.500000,3.106686
END_WITNESS_POINTS
